0 0.3262411347517731 0.754305977710233 0.06889564336372847 0.06180344478216818
0 0.1286727456940223 0.6540020263424519 0.0547112462006079 0.057750759878419454
0 0.3262411347517731 0.754305977710233 0.06889564336372847 0.06180344478216818
0 0.1286727456940223 0.6540020263424519 0.0547112462006079 0.057750759878419454
0 0.04508611955420466 0.6225937183383992 0.06180344478216818 0.08206686930091185
0 0.39311043566362713 0.33485309017223913 0.05876393110435663 0.06788247213779129
0 0.06433637284701114 0.1469098277608916 0.05572441742654509 0.07092198581560284
0 0.8708206686930091 0.19250253292806485 0.04964539007092199 0.05268490374873354
0 0.7689969604863222 0.09523809523809523 0.0425531914893617 0.03850050658561297
0 0.12310030395136778 0.2801418439716312 0.04964539007092199 0.04964539007092199
0 0.5724417426545086 0.477710233029382 0.05065856129685917 0.05572441742654509
0 0.0977710233029382 0.0800405268490375 0.04559270516717325 0.0486322188449848
0 0.3956433637284701 0.4457953394123607 0.06585612968591692 0.08105369807497467
0 0.8890577507598785 0.42401215805471126 0.07193515704154002 0.07193515704154002
0 0.8627152988855117 0.5015197568389058 0.09219858156028368 0.08713272543059777
0 0.5845997973657548 0.25227963525835867 0.09523809523809523 0.07497467071935157
0 0.6864235055724417 0.17375886524822695 0.07801418439716312 0.06788247213779129
0 0.02634245187436677 0.34903748733535966 0.04660587639311044 0.08206686930091185