0 0.11904761904761904 0.18135764944275581 0.10435663627152988 0.07700101317122594
0 0.05369807497467072 0.23252279635258358 0.06484295845997974 0.09219858156028368
0 0.04356636271529889 0.3839918946301925 0.0486322188449848 0.08308004052684904
0 0.10233029381965553 0.34903748733535966 0.06484295845997974 0.09827760891590678
0 0.196048632218845 0.5192502532928065 0.06382978723404255 0.06788247213779129
0 0.27152988855116517 0.10790273556231003 0.060790273556231005 0.09422492401215805
0 0.5116514690982776 0.92806484295846 0.05268490374873354 0.05876393110435663
0 0.5845997973657548 0.1474164133738602 0.060790273556231005 0.06180344478216818
0 0.6256332320162108 0.05825734549138804 0.05167173252279635 0.0800405268490375
0 0.8110435663627154 0.48226950354609927 0.0800405268490375 0.0851063829787234
0 0.05116514690982776 0.770516717325228 0.057750759878419454 0.04964539007092199
0 0.43059777102330293 0.8302938196555217 0.0425531914893617 0.057750759878419454
0 0.5405268490374874 0.7958459979736575 0.06382978723404255 0.04559270516717325
0 0.3495440729483283 0.6008105369807497 0.040526849037487336 0.06484295845997974
0 0.5704154002026343 0.7512664640324215 0.07092198581560284 0.04559270516717325
0 0.7796352583586627 0.8434650455927052 0.06585612968591692 0.07193515704154002
0 0.12512664640324214 0.8054711246200608 0.05167173252279635 0.060790273556231005
0 0.3637284701114488 0.9701114488348531 0.06281661600810537 0.05572441742654509
0 0.39311043566362713 0.6210739614994935 0.03850050658561297 0.060790273556231005
0 0.660081053698075 0.922998986828774 0.05572441742654509 0.044579533941236066
0 0.6666666666666666 0.1469098277608916 0.0486322188449848 0.06281661600810537
0 0.7603850050658562 0.08611955420466058 0.06585612968591692 0.060790273556231005