0 0.8728470111448835 0.10638297872340426 0.08611955420466058 0.08105369807497467
0 0.6838905775075987 0.3905775075987842 0.06281661600810537 0.08409321175278622
0 0.267983789260385 0.792806484295846 0.06990881458966565 0.06382978723404255
0 0.11803444782168186 0.756838905775076 0.047619047619047616 0.0668693009118541
0 0.9690982776089159 0.48936170212765956 0.057750759878419454 0.06281661600810537
0 0.3120567375886525 0.8774062816616008 0.05673758865248227 0.05065856129685917
0 0.1038500506585613 0.9088145896656535 0.06585612968591692 0.05673758865248227
0 0.4690982776089159 0.3860182370820669 0.07092198581560284 0.08308004052684904
0 0.6388044579533941 0.9331306990881459 0.08611955420466058 0.07092198581560284
0 0.914387031408308 0.7117527862208713 0.06788247213779129 0.07193515704154002
0 0.5455927051671733 0.7016210739614995 0.06788247213779129 0.07193515704154002
0 0.31864235055724416 0.7603850050658562 0.09827760891590678 0.057750759878419454
0 0.20871327254305977 0.9042553191489362 0.06889564336372847 0.07193515704154002
0 0.2011144883485309 0.792806484295846 0.0800405268490375 0.05167173252279635