0 0.28368794326241137 0.35207700101317124 0.06281661600810537 0.05572441742654509
0 0.2801418439716312 0.5005065856129686 0.04964539007092199 0.08713272543059777
0 0.9356636271529889 0.08814589665653495 0.09827760891590678 0.06484295845997974
0 0.6914893617021277 0.11752786220871327 0.07193515704154002 0.08915906788247213
0 0.3667679837892604 0.1458966565349544 0.11752786220871327 0.06484295845997974
0 0.15450861195542046 0.18034447821681865 0.08206686930091185 0.0790273556231003
0 0.6296859169199595 0.33383991894630194 0.06180344478216818 0.06788247213779129
0 0.6884498480243161 0.46200607902735563 0.04356636271529889 0.04660587639311044
0 0.6306990881458967 0.49645390070921985 0.06585612968591692 0.06484295845997974
0 0.6499493414387031 0.24062816616008106 0.07193515704154002 0.05572441742654509
0 0.7674772036474165 0.27203647416413373 0.05977710233029382 0.06788247213779129