0 0.3161094224924012 0.14235055724417425 0.06889564336372847 0.08206686930091185
0 0.36828774062816616 0.15704154002026344 0.13677811550151975 0.11144883485309018
0 0.21479229989868287 0.05268490374873354 0.06281661600810537 0.04660587639311044
0 0.11347517730496454 0.09929078014184398 0.07497467071935157 0.0547112462006079
0 0.06484295845997974 0.22188449848024316 0.07092198581560284 0.07092198581560284
0 0.1818642350557244 0.17223910840932116 0.06180344478216818 0.06281661600810537
0 0.21681864235055726 0.25785207700101315 0.0851063829787234 0.08409321175278622
0 0.20364741641337386 0.10233029381965553 0.08713272543059777 0.04660587639311044
0 0.5334346504559271 0.0911854103343465 0.08814589665653495 0.0911854103343465
0 0.6286727456940223 0.1347517730496454 0.06585612968591692 0.0729483282674772
0 0.4331306990881459 0.03850050658561297 0.11448834853090173 0.07497467071935157
0 0.3105369807497467 0.0668693009118541 0.07193515704154002 0.0547112462006079
0 0.7168186423505573 0.25278622087132724 0.04356636271529889 0.08814589665653495
0 0.8080040526849037 0.135258358662614 0.07801418439716312 0.05572441742654509
0 0.9002026342451874 0.1276595744680851 0.07598784194528875 0.05876393110435663
0 0.7806484295845998 0.06838905775075987 0.08206686930091185 0.08409321175278622
0 0.7462006079027356 0.04559270516717325 0.08814589665653495 0.07092198581560284
0 0.6965552178318136 0.19098277608915906 0.10435663627152988 0.05572441742654509
0 0.1281661600810537 0.42958459979736574 0.06788247213779129 0.10131712259371833
0 0.12056737588652482 0.16818642350557245 0.08915906788247213 0.0486322188449848
0 0.2684903748733536 0.4564336372847011 0.11144883485309018 0.10030395136778116
0 0.3728470111448835 0.48936170212765956 0.08713272543059777 0.05876393110435663
0 0.5749746707193516 0.36322188449848025 0.06585612968591692 0.04559270516717325
0 0.7107396149949341 0.4138804457953394 0.10233029381965553 0.04964539007092199
0 0.8566362715298885 0.4513677811550152 0.09422492401215805 0.09422492401215805
0 0.9022289766970618 0.488855116514691 0.06788247213779129 0.06788247213779129
0 0.7877406281661601 0.4376899696048632 0.05167173252279635 0.05876393110435663
0 0.5982776089159068 0.5030395136778115 0.07801418439716312 0.057750759878419454
0 0.6833839918946302 0.6271529888551165 0.09219858156028368 0.08915906788247213
0 0.8652482269503546 0.5542046605876393 0.0425531914893617 0.06281661600810537
0 0.8870314083080041 0.574468085106383 0.05977710233029382 0.0790273556231003
0 0.8611955420466059 0.6534954407294833 0.10739614994934144 0.04660587639311044
0 0.9635258358662614 0.7416413373860182 0.06281661600810537 0.0790273556231003
0 0.6362715298885512 0.7720364741641338 0.07497467071935157 0.07497467071935157
0 0.4093211752786221 0.53596757852077 0.0547112462006079 0.04660587639311044
0 0.3323201621073962 0.544579533941236 0.06484295845997974 0.04356636271529889
0 0.25937183383991896 0.5374873353596757 0.0790273556231003 0.05572441742654509
0 0.32573454913880445 0.5891590678824722 0.07193515704154002 0.04559270516717325
0 0.3454913880445795 0.6408308004052685 0.06484295845997974 0.06585612968591692
0 0.3779128672745694 0.7001013171225937 0.0547112462006079 0.06484295845997974
0 0.3140830800405269 0.6975683890577508 0.08713272543059777 0.05572441742654509
0 0.4736575481256332 0.8095238095238095 0.07598784194528875 0.06281661600810537
0 0.5435663627152989 0.8637284701114488 0.09219858156028368 0.05977710233029382
0 0.5825734549138805 0.9336372847011145 0.06281661600810537 0.057750759878419454
0 0.5273556231003039 0.9103343465045592 0.04964539007092199 0.04964539007092199
0 0.3941236068895643 0.9604863221884499 0.07497467071935157 0.05876393110435663
0 0.33080040526849036 0.8713272543059777 0.08814589665653495 0.0547112462006079
0 0.28318135764944274 0.9630192502532928 0.06180344478216818 0.06788247213779129
0 0.19300911854103345 0.7993920972644377 0.05977710233029382 0.06281661600810537
0 0.18541033434650456 0.4726443768996961 0.06281661600810537 0.06788247213779129
0 0.5151975683890577 0.7056737588652482 0.06788247213779129 0.04559270516717325
0 0.8652482269503546 0.9184397163120568 0.03850050658561297 0.05977710233029382
0 0.7750759878419453 0.8394123606889564 0.07092198581560284 0.057750759878419454
0 0.46707193515704154 0.12208713272543059 0.06484295845997974 0.08206686930091185
0 0.6767983789260384 0.13677811550151975 0.04660587639311044 0.06484295845997974
0 0.8844984802431611 0.6975683890577508 0.05876393110435663 0.04356636271529889
0 0.057750759878419454 0.522289766970618 0.0911854103343465 0.05977710233029382
0 0.18034447821681865 0.5562310030395137 0.05268490374873354 0.05876393110435663
0 0.23657548125633232 0.6195542046605876 0.06788247213779129 0.057750759878419454
0 0.9326241134751773 0.9078014184397163 0.06585612968591692 0.04660587639311044
0 0.7933130699088146 0.9336372847011145 0.0851063829787234 0.06585612968591692
0 0.3120567375886525 0.34093211752786223 0.06889564336372847 0.04964539007092199
0 0.48429584599797365 0.6124620060790273 0.06484295845997974 0.06180344478216818
0 0.08206686930091185 0.8733535967578521 0.0851063829787234 0.05268490374873354
0 0.3282674772036474 0.7644376899696048 0.06889564336372847 0.057750759878419454
0 0.4002026342451874 0.8257345491388045 0.0547112462006079 0.03850050658561297
0 0.9604863221884499 0.6428571428571429 0.07092198581560284 0.08409321175278622
0 0.8814589665653495 0.1955420466058764 0.05876393110435663 0.0790273556231003
0 0.513677811550152 0.1757852077001013 0.1033434650455927 0.05572441742654509
0 0.5187436676798379 0.22745694022289767 0.1337386018237082 0.04559270516717325
0 0.04711246200607903 0.1702127659574468 0.05977710233029382 0.05876393110435663
0 0.04660587639311044 0.37537993920972645 0.0547112462006079 0.06180344478216818
0 0.31661600810536983 0.25329280648429586 0.08611955420466058 0.05268490374873354
0 0.44883485309017224 0.43465045592705165 0.08105369807497467 0.0851063829787234
0 0.3799392097264438 0.34599797365754814 0.0729483282674772 0.06788247213779129
0 0.8272543059777102 0.867274569402229 0.07801418439716312 0.0547112462006079
0 0.6281661600810537 0.4341438703140831 0.06281661600810537 0.047619047619047616
0 0.7938196555217831 0.2695035460992908 0.07396149949341439 0.0668693009118541