0 0.342451874366768 0.28216818642350555 0.06281661600810537 0.10030395136778116
0 0.31965552178318135 0.38247213779128675 0.04559270516717325 0.07193515704154002
0 0.23353596757852077 0.8024316109422492 0.07598784194528875 0.07497467071935157
0 0.38753799392097266 0.9235055724417427 0.05167173252279635 0.06788247213779129
0 0.43009118541033436 0.9498480243161094 0.04356636271529889 0.05167173252279635
0 0.6124620060790273 0.6023302938196555 0.07598784194528875 0.07193515704154002
0 0.0851063829787234 0.3768996960486322 0.0911854103343465 0.06889564336372847
0 0.9042553191489362 0.8358662613981763 0.09422492401215805 0.06889564336372847
0 0.7213779128672746 0.28976697061803447 0.07092198581560284 0.07092198581560284
0 0.9437689969604863 0.14235055724417425 0.057750759878419454 0.057750759878419454
0 0.6190476190476191 0.3333333333333333 0.06281661600810537 0.06484295845997974
0 0.7938196555217831 0.25430597771023306 0.07193515704154002 0.06484295845997974
0 0.42857142857142855 0.14235055724417425 0.05876393110435663 0.06180344478216818
0 0.7826747720364742 0.37639311043566365 0.09219858156028368 0.07801418439716312
0 0.6919959473150963 0.3905775075987842 0.07497467071935157 0.07801418439716312