0 0.1342451874366768 0.11904761904761904 0.07193515704154002 0.06788247213779129
0 0.08105369807497467 0.18591691995947315 0.0790273556231003 0.04356636271529889
0 0.32370820668693007 0.1524822695035461 0.06382978723404255 0.05369807497467072
0 0.31560283687943264 0.21175278622087132 0.06585612968591692 0.05673758865248227
0 0.4817629179331307 0.1286727456940223 0.057750759878419454 0.07700101317122594
0 0.5526849037487336 0.07598784194528875 0.08611955420466058 0.0486322188449848
0 0.32269503546099293 0.5141843971631206 0.057750759878419454 0.06788247213779129
0 0.1828774062816616 0.6084093211752786 0.11651469098277609 0.06788247213779129
0 0.7654508611955421 0.7527862208713273 0.0800405268490375 0.05673758865248227
0 0.19706180344478216 0.9356636271529889 0.05572441742654509 0.047619047619047616
0 0.2573454913880446 0.903242147922999 0.04660587639311044 0.05369807497467072
0 0.031408308004052685 0.1580547112462006 0.06281661600810537 0.0425531914893617
0 0.8834853090172239 0.8956433637284701 0.0729483282674772 0.060790273556231005
0 0.7922998986828774 0.9260385005065856 0.06281661600810537 0.07092198581560284
0 0.8292806484295846 0.6747720364741642 0.09219858156028368 0.08915906788247213
0 0.4452887537993921 0.9457953394123607 0.04356636271529889 0.06382978723404255
0 0.04154002026342452 0.8931104356636271 0.05876393110435663 0.07193515704154002
0 0.41641337386018235 0.49949341438703143 0.05876393110435663 0.06889564336372847
0 0.3637284701114488 0.8237082066869301 0.05876393110435663 0.04660587639311044
0 0.5167173252279635 0.19959473150962512 0.0486322188449848 0.0668693009118541
0 0.04559270516717325 0.06382978723404255 0.0668693009118541 0.04660587639311044
0 0.8774062816616008 0.2993920972644377 0.07092198581560284 0.05369807497467072