0 0.5754812563323202 0.11347517730496454 0.09321175278622088 0.08105369807497467
0 0.3708206686930091 0.375886524822695 0.060790273556231005 0.0972644376899696
0 0.28419452887537994 0.35511651469098277 0.0800405268490375 0.09017223910840932
0 0.32168186423505574 0.40678824721377915 0.047619047619047616 0.10435663627152988
0 0.4564336372847011 0.378419452887538 0.07801418439716312 0.07598784194528875
0 0.5288753799392097 0.23353596757852077 0.04660587639311044 0.06382978723404255
0 0.4929078014184397 0.5187436676798379 0.06788247213779129 0.060790273556231005
0 0.8703140830800405 0.22695035460992907 0.040526849037487336 0.05268490374873354
0 0.46200607902735563 0.4381965552178318 0.06281661600810537 0.02735562310030395
0 0.8135764944275583 0.6975683890577508 0.04660587639311044 0.04964539007092199
0 0.5263424518743668 0.4533941236068896 0.05572441742654509 0.08611955420466058
0 0.7056737588652482 0.1403242147922999 0.047619047619047616 0.03343465045592705
0 0.6063829787234043 0.4848024316109423 0.07396149949341439 0.06382978723404255
0 0.8368794326241135 0.7755825734549139 0.0851063829787234 0.11043566362715299
0 0.1458966565349544 0.6469098277608916 0.08915906788247213 0.06585612968591692
0 0.061296859169199594 0.6296859169199595 0.0800405268490375 0.07801418439716312
0 0.6256332320162108 0.5957446808510638 0.05977710233029382 0.0547112462006079
0 0.6610942249240122 0.4457953394123607 0.03951367781155015 0.0425531914893617