0 0.1337386018237082 0.21073961499493415 0.0668693009118541 0.07497467071935157
0 0.6048632218844985 0.06940222897669707 0.08105369807497467 0.06382978723404255
0 0.6332320162107397 0.17831813576494426 0.08308004052684904 0.0911854103343465
0 0.6955420466058764 0.35714285714285715 0.07193515704154002 0.06585612968591692
0 0.809017223910841 0.34903748733535966 0.08409321175278622 0.08409321175278622
0 0.831306990881459 0.12107396149949341 0.07801418439716312 0.05369807497467072
0 0.8267477203647416 0.1752786220871327 0.06889564336372847 0.0668693009118541
0 0.8693009118541033 0.19858156028368795 0.0729483282674772 0.03850050658561297
0 0.26038500506585616 0.869807497467072 0.11144883485309018 0.08814589665653495
0 0.08054711246200608 0.9599797365754813 0.07598784194528875 0.05167173252279635
0 0.08865248226950355 0.732016210739615 0.06180344478216818 0.04356636271529889