0 0.4675785207700101 0.29533941236068895 0.07193515704154002 0.06585612968591692
0 0.4908814589665654 0.21732522796352582 0.09017223910840932 0.04559270516717325
0 0.5202634245187436 0.14387031408308004 0.06788247213779129 0.05065856129685917
0 0.6869300911854104 0.11752786220871327 0.06889564336372847 0.05673758865248227
0 0.21783181357649442 0.39361702127659576 0.06281661600810537 0.09017223910840932
0 0.11955420466058764 0.48632218844984804 0.07700101317122594 0.044579533941236066
0 0.13728470111448834 0.5921985815602837 0.07598784194528875 0.06585612968591692
0 0.3601823708206687 0.8120567375886525 0.09625126646403243 0.09827760891590678
0 0.6494427558257345 0.5075987841945289 0.0729483282674772 0.0668693009118541
0 0.524822695035461 0.4270516717325228 0.05673758865248227 0.06180344478216818
0 0.5516717325227963 0.29635258358662614 0.06990881458966565 0.04559270516717325
0 0.414387031408308 0.3525835866261398 0.05065856129685917 0.0729483282674772
0 0.32776089159067884 0.35815602836879434 0.07193515704154002 0.06585612968591692
0 0.2786220871327254 0.35916919959473154 0.07497467071935157 0.057750759878419454
0 0.281661600810537 0.29128672745694023 0.0486322188449848 0.057750759878419454
0 0.2198581560283688 0.24012158054711247 0.0486322188449848 0.06889564336372847
0 0.18541033434650456 0.21073961499493415 0.040526849037487336 0.0972644376899696
0 0.09270516717325228 0.24164133738601823 0.07193515704154002 0.06382978723404255
0 0.3718338399189463 0.17325227963525835 0.06484295845997974 0.06484295845997974
0 0.4037487335359676 0.23100303951367782 0.05977710233029382 0.05876393110435663
0 0.38551165146909827 0.2796352583586626 0.04559270516717325 0.06281661600810537
0 0.49544072948328266 0.05015197568389058 0.06281661600810537 0.04356636271529889
0 0.5709219858156028 0.05876393110435663 0.06585612968591692 0.0668693009118541
0 0.07244174265450862 0.4199594731509625 0.07193515704154002 0.057750759878419454
0 0.14488348530901723 0.4002026342451874 0.0486322188449848 0.11752786220871327
0 0.42857142857142855 0.889564336372847 0.05673758865248227 0.1033434650455927
0 0.6362715298885512 0.6691995947315096 0.0729483282674772 0.06788247213779129
0 0.7892603850050659 0.7264437689969605 0.05673758865248227 0.08308004052684904
0 0.7446808510638298 0.9508611955420466 0.0547112462006079 0.08409321175278622
0 0.46048632218844987 0.5420466058763931 0.09422492401215805 0.0729483282674772
0 0.5780141843971631 0.524822695035461 0.08814589665653495 0.11144883485309018
0 0.2988855116514691 0.4432624113475177 0.0729483282674772 0.057750759878419454
0 0.9295845997973657 0.256838905775076 0.06990881458966565 0.07598784194528875
0 0.8733535967578521 0.17882472137791286 0.09929078014184398 0.06585612968591692
0 0.7477203647416414 0.3110435663627153 0.0668693009118541 0.06484295845997974
0 0.2750759878419453 0.8120567375886525 0.05572441742654509 0.10233029381965553
0 0.33687943262411346 0.6550151975683891 0.057750759878419454 0.10638297872340426
0 0.5673758865248227 0.36119554204660587 0.0547112462006079 0.07193515704154002
0 0.5050658561296859 0.4817629179331307 0.047619047619047616 0.057750759878419454
0 0.47011144883485306 0.13677811550151975 0.044579533941236066 0.0668693009118541
0 0.6742654508611955 0.7310030395136778 0.06180344478216818 0.06382978723404255
0 0.867274569402229 0.9250253292806484 0.0668693009118541 0.08105369807497467
0 0.828774062816616 0.8211752786220872 0.08105369807497467 0.08206686930091185
0 0.9012158054711246 0.7963525835866262 0.05167173252279635 0.08105369807497467
0 0.9452887537993921 0.8292806484295846 0.06889564336372847 0.10233029381965553
0 0.756838905775076 0.8409321175278622 0.060790273556231005 0.06889564336372847
0 0.5901722391084093 0.6170212765957447 0.07396149949341439 0.04660587639311044
0 0.256838905775076 0.9442755825734549 0.05369807497467072 0.0668693009118541
0 0.13576494427558258 0.8363728470111449 0.0790273556231003 0.09219858156028368
0 0.16058763931104356 0.07852077001013172 0.04154002026342452 0.04559270516717325
0 0.6919959473150963 0.632725430597771 0.0668693009118541 0.06180344478216818
0 0.7304964539007093 0.6752786220871327 0.0668693009118541 0.06382978723404255
0 0.23454913880445796 0.7553191489361702 0.05167173252279635 0.06585612968591692
0 0.8850050658561297 0.06028368794326241 0.057750759878419454 0.06788247213779129