0 0.07396149949341439 0.04204660587639311 0.11550151975683891 0.06382978723404255
0 0.29027355623100304 0.085612968591692 0.08611955420466058 0.05572441742654509
0 0.18642350557244175 0.08865248226950355 0.0547112462006079 0.06788247213779129
0 0.1413373860182371 0.1408308004052685 0.057750759878419454 0.0486322188449848
0 0.3966565349544073 0.05319148936170213 0.08814589665653495 0.06990881458966565
0 0.25785207700101315 0.13677811550151975 0.07598784194528875 0.0790273556231003
0 0.34498480243161095 0.34295845997973656 0.0800405268490375 0.08611955420466058
0 0.5911854103343465 0.22745694022289767 0.06990881458966565 0.09219858156028368
0 0.39969604863221886 0.4027355623100304 0.05167173252279635 0.06990881458966565
0 0.46707193515704154 0.5324214792299898 0.08915906788247213 0.0800405268490375
0 0.6119554204660588 0.5491388044579534 0.07700101317122594 0.0486322188449848
0 0.2016210739614995 0.46200607902735563 0.05268490374873354 0.0668693009118541
0 0.1884498480243161 0.5151975683890577 0.10739614994934144 0.06382978723404255
0 0.32472137791286726 0.6261398176291794 0.08611955420466058 0.09523809523809523
0 0.2730496453900709 0.6960486322188449 0.10030395136778116 0.07700101317122594
0 0.05572441742654509 0.7963525835866262 0.04660587639311044 0.0668693009118541
0 0.061296859169199594 0.9154002026342452 0.06180344478216818 0.05167173252279635
0 0.2978723404255319 0.9442755825734549 0.05876393110435663 0.0668693009118541
0 0.4376899696048632 0.828774062816616 0.0729483282674772 0.0486322188449848
0 0.5673758865248227 0.8009118541033434 0.05876393110435663 0.06180344478216818
0 0.8292806484295846 0.7451874366767984 0.05572441742654509 0.06990881458966565
0 0.7198581560283688 0.7664640324214792 0.06788247213779129 0.05167173252279635
0 0.7228976697061803 0.9518743667679838 0.04356636271529889 0.08206686930091185
0 0.4336372847011145 0.8804457953394124 0.0851063829787234 0.0547112462006079
0 0.8034447821681864 0.15653495440729484 0.0547112462006079 0.07396149949341439
0 0.8627152988855117 0.1524822695035461 0.06382978723404255 0.0800405268490375
0 0.8095238095238095 0.23049645390070922 0.06281661600810537 0.04964539007092199
0 0.7213779128672746 0.1950354609929078 0.05876393110435663 0.09219858156028368
0 0.7016210739614995 0.12462006079027356 0.06788247213779129 0.0486322188449848
0 0.37487335359675783 0.7796352583586627 0.040526849037487336 0.05572441742654509
0 0.4635258358662614 0.7183383991894631 0.04559270516717325 0.060790273556231005
0 0.6590678824721378 0.745694022289767 0.05369807497467072 0.03850050658561297
0 0.16312056737588654 0.9635258358662614 0.0364741641337386 0.05065856129685917
0 0.3662613981762918 0.9569402228976697 0.05369807497467072 0.03546099290780142
0 0.13019250253292808 0.2669706180344478 0.04154002026342452 0.05369807497467072
0 0.05825734549138804 0.25937183383991896 0.06180344478216818 0.03850050658561297
0 0.4002026342451874 0.1038500506585613 0.0668693009118541 0.04356636271529889
0 0.7578520770010132 0.1342451874366768 0.04660587639311044 0.08409321175278622
0 0.303951367781155 0.8328267477203647 0.04660587639311044 0.03850050658561297
0 0.1879432624113475 0.35612968591691996 0.05572441742654509 0.0800405268490375
0 0.15450861195542046 0.85612968591692 0.07193515704154002 0.04660587639311044
0 0.06281661600810537 0.9584599797365755 0.05268490374873354 0.0486322188449848
0 0.32674772036474165 0.8768996960486323 0.05572441742654509 0.05167173252279635
0 0.6854103343465046 0.9447821681864235 0.047619047619047616 0.06788247213779129
0 0.17831813576494426 0.5785207700101317 0.07497467071935157 0.05065856129685917