0 0.24113475177304963 0.8905775075987842 0.03850050658561297 0.04660587639311044
0 0.022796352583586626 0.8237082066869301 0.04356636271529889 0.04660587639311044
0 0.06940222897669707 0.9533941236068896 0.06585612968591692 0.0425531914893617
0 0.1347517730496454 0.9731509625126646 0.0547112462006079 0.03343465045592705
0 0.22239108409321176 0.8429584599797366 0.04154002026342452 0.040526849037487336
0 0.10182370820668693 0.7644376899696048 0.07193515704154002 0.05369807497467072
0 0.6742654508611955 0.9224924012158054 0.06788247213779129 0.04964539007092199
0 0.28976697061803447 0.6818642350557245 0.05065856129685917 0.05673758865248227
0 0.16767983789260385 0.790273556231003 0.06788247213779129 0.0364741641337386
0 0.9604863221884499 0.023809523809523808 0.05268490374873354 0.04559270516717325
0 0.8110435663627154 0.1707193515704154 0.07801418439716312 0.05167173252279635
0 0.27760891590678827 0.22188449848024316 0.044579533941236066 0.040526849037487336
0 0.27102330293819654 0.4002026342451874 0.03546099290780142 0.05065856129685917
0 0.867274569402229 0.3009118541033435 0.06281661600810537 0.0547112462006079
0 0.25785207700101315 0.44832826747720367 0.04356636271529889 0.031408308004052685
0 0.10638297872340426 0.3819655521783181 0.05876393110435663 0.0425531914893617
0 0.4908814589665654 0.2796352583586626 0.04964539007092199 0.0547112462006079
0 0.5065856129685917 0.5435663627152989 0.06281661600810537 0.07598784194528875
0 0.2786220871327254 0.28216818642350555 0.0486322188449848 0.04356636271529889
0 0.39311043566362713 0.16312056737588654 0.05876393110435663 0.040526849037487336
0 0.7958459979736575 0.20820668693009117 0.04964539007092199 0.04154002026342452
0 0.3029381965552178 0.1636271529888551 0.0364741641337386 0.04356636271529889
0 0.7639311043566362 0.10688956433637285 0.05268490374873354 0.05572441742654509
0 0.0673758865248227 0.6443768996960486 0.04559270516717325 0.030395136778115502
0 0.2193515704154002 0.34802431610942247 0.03951367781155015 0.05572441742654509
0 0.3181357649442756 0.3363728470111449 0.0425531914893617 0.05268490374873354
0 0.16210739614994935 0.7239108409321175 0.040526849037487336 0.03546099290780142
0 0.506079027355623 0.6509625126646403 0.057750759878419454 0.04964539007092199
0 0.2315096251266464 0.05927051671732523 0.04154002026342452 0.047619047619047616
0 0.1281661600810537 0.17274569402228976 0.04559270516717325 0.04964539007092199
0 0.1879432624113475 0.25278622087132724 0.04964539007092199 0.04964539007092199
0 0.22695035460992907 0.25227963525835867 0.03850050658561297 0.05065856129685917
0 0.25835866261398177 0.14437689969604864 0.05065856129685917 0.05572441742654509
0 0.4154002026342452 0.24316109422492402 0.0547112462006079 0.0547112462006079
0 0.3373860182370821 0.26038500506585616 0.05065856129685917 0.040526849037487336
0 0.5911854103343465 0.08257345491388045 0.07598784194528875 0.04559270516717325
0 0.5840932117527862 0.1818642350557244 0.07801418439716312 0.037487335359675786
0 0.8961499493414387 0.031914893617021274 0.04964539007092199 0.057750759878419454
0 0.5339412360688957 0.4837892603850051 0.0790273556231003 0.06585612968591692
0 0.5790273556231003 0.8257345491388045 0.07193515704154002 0.06484295845997974
0 0.3601823708206687 0.950354609929078 0.08814589665653495 0.03850050658561297
0 0.05015197568389058 0.6899696048632219 0.04154002026342452 0.04660587639311044
0 0.12563323201621074 0.6995947315096251 0.05065856129685917 0.05369807497467072
0 0.22998986828774062 0.756838905775076 0.06281661600810537 0.0668693009118541
0 0.2867274569402229 0.7340425531914894 0.05065856129685917 0.05572441742654509
0 0.10283687943262411 0.488855116514691 0.05572441742654509 0.06990881458966565
0 0.2938196555217832 0.4908814589665654 0.06281661600810537 0.04964539007092199
0 0.37031408308004055 0.5764944275582573 0.04154002026342452 0.0668693009118541
0 0.3515704154002026 0.5638297872340425 0.040526849037487336 0.09422492401215805
0 0.92806484295846 0.36322188449848025 0.05876393110435663 0.06585612968591692
0 0.9544072948328267 0.30851063829787234 0.07092198581560284 0.06788247213779129
0 0.9148936170212766 0.20972644376899696 0.0729483282674772 0.05876393110435663
0 0.9402228976697061 0.14792299898682879 0.06281661600810537 0.05876393110435663
0 0.9670719351570415 0.46200607902735563 0.05977710233029382 0.05268490374873354
0 0.4645390070921986 0.8059777102330293 0.08814589665653495 0.05167173252279635
0 0.22441742654508612 0.6073961499493414 0.06180344478216818 0.04356636271529889
0 0.26038500506585616 0.8145896656534954 0.0547112462006079 0.05876393110435663
0 0.45491388044579534 0.4827760891590679 0.08713272543059777 0.057750759878419454
0 0.031914893617021274 0.16109422492401215 0.04356636271529889 0.04660587639311044
0 0.20871327254305977 0.13829787234042554 0.05876393110435663 0.03951367781155015
0 0.025835866261398176 0.5005065856129686 0.04559270516717325 0.04660587639311044