0 0.4726443768996961 0.7700101317122594 0.047619047619047616 0.03242147922998987
0 0.662613981762918 0.889564336372847 0.0486322188449848 0.05876393110435663
0 0.05876393110435663 0.8718338399189463 0.05268490374873354 0.04559270516717325
0 0.4878419452887538 0.5395136778115501 0.03951367781155015 0.05369807497467072
0 0.11803444782168186 0.704660587639311 0.06180344478216818 0.04356636271529889
0 0.05217831813576494 0.3829787234042553 0.05369807497467072 0.04660587639311044
0 0.12310030395136778 0.10081053698074975 0.05167173252279635 0.06180344478216818
0 0.2077001013171226 0.02127659574468085 0.05065856129685917 0.034447821681864235
0 0.034954407294832825 0.47922998986828774 0.05167173252279635 0.0547112462006079
0 0.1540020263424519 0.5172239108409321 0.040526849037487336 0.029381965552178316
0 0.1580547112462006 0.19098277608915906 0.05268490374873354 0.04964539007092199
0 0.07244174265450862 0.044579533941236066 0.03951367781155015 0.0425531914893617
0 0.2132725430597771 0.477710233029382 0.04356636271529889 0.057750759878419454
0 0.4523809523809524 0.07852077001013172 0.05572441742654509 0.04356636271529889
0 0.5658561296859169 0.7806484295845998 0.04559270516717325 0.05167173252279635
0 0.33282674772036475 0.85612968591692 0.03343465045592705 0.034447821681864235
0 0.6747720364741642 0.6403242147923 0.0425531914893617 0.07092198581560284
0 0.28368794326241137 0.875886524822695 0.03850050658561297 0.03951367781155015
0 0.4397163120567376 0.7239108409321175 0.030395136778115502 0.03951367781155015
0 0.704660587639311 0.0673758865248227 0.06990881458966565 0.057750759878419454
0 0.9442755825734549 0.12259371833839919 0.0790273556231003 0.06889564336372847
0 0.0486322188449848 0.2917933130699088 0.0790273556231003 0.060790273556231005
0 0.11398176291793313 0.4787234042553192 0.057750759878419454 0.05977710233029382
0 0.2801418439716312 0.5045592705167173 0.06990881458966565 0.05065856129685917
0 0.157548125633232 0.583080040526849 0.07598784194528875 0.037487335359675786
0 0.0972644376899696 0.6585612968591692 0.06281661600810537 0.044579533941236066
0 0.22391084093211752 0.6752786220871327 0.08105369807497467 0.057750759878419454
0 0.31357649442755825 0.71580547112462 0.057750759878419454 0.04356636271529889
0 0.2193515704154002 0.7831813576494427 0.04964539007092199 0.04660587639311044
0 0.2740628166160081 0.7700101317122594 0.057750759878419454 0.040526849037487336
0 0.33687943262411346 0.7978723404255319 0.04154002026342452 0.04964539007092199
0 0.19098277608915906 0.8738601823708206 0.06585612968591692 0.037487335359675786
0 0.135258358662614 0.8302938196555217 0.06382978723404255 0.04964539007092199
0 0.1398176291793313 0.9432624113475178 0.0729483282674772 0.05673758865248227
0 0.42857142857142855 0.8302938196555217 0.0547112462006079 0.05977710233029382
0 0.36524822695035464 0.8794326241134752 0.05572441742654509 0.060790273556231005
0 0.5790273556231003 0.8617021276595744 0.06788247213779129 0.05572441742654509
0 0.6124620060790273 0.8966565349544073 0.057750759878419454 0.040526849037487336
0 0.1585612968591692 0.2502532928064843 0.04154002026342452 0.0425531914893617
0 0.6170212765957447 0.18693009118541035 0.06484295845997974 0.08814589665653495
0 0.40577507598784196 0.33890577507598785 0.05167173252279635 0.05572441742654509
0 0.5673758865248227 0.3844984802431611 0.03850050658561297 0.07801418439716312
0 0.6296859169199595 0.46048632218844987 0.04964539007092199 0.05977710233029382
0 0.7056737588652482 0.4797365754812563 0.05977710233029382 0.057750759878419454
0 0.7066869300911854 0.6398176291793313 0.05167173252279635 0.05167173252279635
0 0.7852077001013171 0.3774062816616008 0.08713272543059777 0.04964539007092199
0 0.42907801418439717 0.26545086119554206 0.06180344478216818 0.07497467071935157
0 0.12006079027355623 0.8571428571428571 0.06180344478216818 0.05268490374873354
0 0.4513677811550152 0.96403242147923 0.06180344478216818 0.05977710233029382
0 0.39311043566362713 0.48733535967578523 0.06889564336372847 0.05876393110435663
0 0.24974670719351572 0.3900709219858156 0.04356636271529889 0.0486322188449848
0 0.146403242147923 0.6767983789260384 0.03951367781155015 0.05268490374873354
0 0.837386018237082 0.8470111448834853 0.05572441742654509 0.04660587639311044
0 0.8439716312056738 0.6418439716312057 0.0425531914893617 0.06788247213779129
0 0.477710233029382 0.6084093211752786 0.05167173252279635 0.05977710233029382
0 0.5400202634245187 0.17223910840932116 0.05268490374873354 0.0547112462006079
0 0.7188449848024316 0.5567375886524822 0.03951367781155015 0.05572441742654509
0 0.31155015197568386 0.26038500506585616 0.06180344478216818 0.0486322188449848