0 0.3475177304964539 0.4381965552178318 0.0486322188449848 0.037487335359675786
0 0.33080040526849036 0.3829787234042553 0.04356636271529889 0.034447821681864235
0 0.49848024316109424 0.3976697061803445 0.044579533941236066 0.03546099290780142
0 0.38145896656534956 0.11043566362715299 0.037487335359675786 0.044579533941236066
0 0.2066869300911854 0.1099290780141844 0.0425531914893617 0.03951367781155015
0 0.541033434650456 0.27152988855116517 0.03850050658561297 0.03850050658561297
0 0.47416413373860183 0.33485309017223913 0.05268490374873354 0.031408308004052685
0 0.21529888551165147 0.0673758865248227 0.04964539007092199 0.037487335359675786
0 0.3130699088145897 0.1281661600810537 0.0425531914893617 0.05572441742654509
0 0.6585612968591692 0.028368794326241134 0.0486322188449848 0.0425531914893617
0 0.3475177304964539 0.4381965552178318 0.0486322188449848 0.037487335359675786
0 0.33080040526849036 0.3829787234042553 0.04356636271529889 0.034447821681864235
0 0.49848024316109424 0.3976697061803445 0.044579533941236066 0.03546099290780142
0 0.38145896656534956 0.11043566362715299 0.037487335359675786 0.044579533941236066
0 0.36423505572441744 0.24012158054711247 0.04356636271529889 0.0486322188449848
0 0.29128672745694023 0.23505572441742653 0.03546099290780142 0.05268490374873354
0 0.2066869300911854 0.1099290780141844 0.0425531914893617 0.03951367781155015
0 0.0911854103343465 0.0795339412360689 0.07092198581560284 0.04964539007092199
0 0.08611955420466058 0.20921985815602837 0.0486322188449848 0.04559270516717325
0 0.20516717325227962 0.21428571428571427 0.05167173252279635 0.04964539007092199
0 0.541033434650456 0.27152988855116517 0.03850050658561297 0.03850050658561297
0 0.09270516717325228 0.33485309017223913 0.06180344478216818 0.05977710233029382
0 0.6114488348530902 0.025835866261398176 0.057750759878419454 0.04356636271529889
0 0.7218844984802432 0.1519756838905775 0.04964539007092199 0.0486322188449848
0 0.47416413373860183 0.33485309017223913 0.05268490374873354 0.031408308004052685
0 0.26494427558257344 0.1413373860182371 0.03343465045592705 0.05167173252279635
0 0.21529888551165147 0.0673758865248227 0.04964539007092199 0.037487335359675786
0 0.12158054711246201 0.28419452887537994 0.05876393110435663 0.05167173252279635
0 0.12411347517730496 0.40678824721377915 0.057750759878419454 0.05572441742654509
0 0.3130699088145897 0.1281661600810537 0.0425531914893617 0.05572441742654509
0 0.6225937183383992 0.0851063829787234 0.07598784194528875 0.05876393110435663
0 0.5020263424518744 0.4939209726443769 0.06788247213779129 0.05167173252279635
0 0.6610942249240122 0.19351570415400202 0.05977710233029382 0.06484295845997974
0 0.42249240121580545 0.27102330293819654 0.07497467071935157 0.07193515704154002
0 0.8145896656534954 0.24721377912867273 0.07497467071935157 0.08713272543059777
0 0.8201621073961499 0.1099290780141844 0.06585612968591692 0.10030395136778116
0 0.2862208713272543 0.4397163120567376 0.06180344478216818 0.07497467071935157
0 0.281661600810537 0.3262411347517731 0.04660587639311044 0.05268490374873354
0 0.2066869300911854 0.1585612968591692 0.05673758865248227 0.04356636271529889
0 0.15653495440729484 0.09219858156028368 0.04559270516717325 0.05876393110435663
0 0.7659574468085106 0.0673758865248227 0.07497467071935157 0.04154002026342452
0 0.5927051671732523 0.4858156028368794 0.06889564336372847 0.07801418439716312
0 0.17426545086119555 0.5572441742654508 0.06889564336372847 0.06889564336372847
0 0.8834853090172239 0.13779128672745694 0.04660587639311044 0.05268490374873354
0 0.9407294832826748 0.15045592705167174 0.06585612968591692 0.057750759878419454
0 0.45390070921985815 0.8905775075987842 0.0790273556231003 0.06281661600810537
0 0.596757852077001 0.8196555217831814 0.06281661600810537 0.06484295845997974
0 0.522289766970618 0.9265450861195542 0.06585612968591692 0.06788247213779129
0 0.5374873353596757 0.878419452887538 0.05977710233029382 0.05876393110435663
0 0.1651469098277609 0.7051671732522796 0.08105369807497467 0.07497467071935157
0 0.29635258358662614 0.4858156028368794 0.06180344478216818 0.04356636271529889
0 0.6084093211752786 0.18439716312056736 0.06180344478216818 0.07497467071935157
0 0.0364741641337386 0.7978723404255319 0.06281661600810537 0.08206686930091185
0 0.914387031408308 0.06281661600810537 0.04559270516717325 0.0486322188449848