0 0.6884498480243161 0.4214792299898683 0.04964539007092199 0.05268490374873354
0 0.75177304964539 0.2695035460992908 0.0729483282674772 0.07700101317122594
0 0.5460992907801419 0.06636271529888552 0.0547112462006079 0.0800405268490375
0 0.17477203647416414 0.4412360688956434 0.06585612968591692 0.04559270516717325
0 0.8657548125633232 0.33991894630192504 0.06788247213779129 0.047619047619047616
0 0.4584599797365755 0.3181357649442756 0.06788247213779129 0.0486322188449848
0 0.961499493414387 0.05825734549138804 0.06484295845997974 0.04559270516717325
0 0.7872340425531915 0.34599797365754814 0.09929078014184398 0.09219858156028368
0 0.60790273556231 0.1702127659574468 0.08308004052684904 0.0425531914893617
0 0.2674772036474164 0.41742654508611954 0.0851063829787234 0.044579533941236066
0 0.9240121580547113 0.6914893617021277 0.0851063829787234 0.05977710233029382
0 0.8581560283687943 0.7477203647416414 0.07700101317122594 0.0790273556231003
0 0.9148936170212766 0.806484295845998 0.040526849037487336 0.0547112462006079
0 0.7502532928064843 0.8262411347517731 0.047619047619047616 0.05977710233029382
0 0.7254305977710233 0.8601823708206687 0.05876393110435663 0.0547112462006079
0 0.9072948328267477 0.889564336372847 0.057750759878419454 0.0486322188449848
0 0.6119554204660588 0.723404255319149 0.0486322188449848 0.044579533941236066
0 0.7304964539007093 0.5030395136778115 0.0425531914893617 0.06990881458966565
0 0.8606889564336373 0.5217831813576495 0.04559270516717325 0.05876393110435663
0 0.9098277608915907 0.5638297872340425 0.06281661600810537 0.031408308004052685
0 0.53596757852077 0.5005065856129686 0.06484295845997974 0.05268490374873354
0 0.6413373860182371 0.5405268490374874 0.03850050658561297 0.03343465045592705
0 0.5582573454913881 0.4493414387031408 0.0486322188449848 0.04964539007092199
0 0.28419452887537994 0.5962512664640324 0.07193515704154002 0.047619047619047616
0 0.27811550151975684 0.6453900709219859 0.05977710233029382 0.0486322188449848
0 0.10587639311043566 0.6246200607902735 0.04559270516717325 0.04964539007092199
0 0.632725430597771 0.7993920972644377 0.047619047619047616 0.0486322188449848
0 0.05217831813576494 0.6864235055724417 0.057750759878419454 0.04356636271529889
0 0.27912867274569403 0.8454913880445796 0.037487335359675786 0.04559270516717325
0 0.20972644376899696 0.5886524822695035 0.07700101317122594 0.07700101317122594
0 0.4858156028368794 0.8622087132725431 0.06788247213779129 0.060790273556231005
0 0.5952380952380952 0.9260385005065856 0.029381965552178316 0.05065856129685917
0 0.4675785207700101 0.9665653495440729 0.05572441742654509 0.044579533941236066
0 0.08105369807497467 0.894630192502533 0.040526849037487336 0.034447821681864235
0 0.29736575481256333 0.71580547112462 0.06585612968591692 0.03951367781155015
0 0.2907801418439716 0.7831813576494427 0.05268490374873354 0.06281661600810537
0 0.1469098277608916 0.9088145896656535 0.040526849037487336 0.040526849037487336
0 0.4331306990881459 0.12917933130699089 0.07598784194528875 0.05572441742654509
0 0.5344478216818642 0.7512664640324215 0.05167173252279635 0.04154002026342452
0 0.3637284701114488 0.7877406281661601 0.044579533941236066 0.047619047619047616
0 0.577001013171226 0.6610942249240122 0.04154002026342452 0.04154002026342452
0 0.37943262411347517 0.057244174265450865 0.06990881458966565 0.06990881458966565
0 0.08865248226950355 0.292806484295846 0.057750759878419454 0.0486322188449848
0 0.1540020263424519 0.29432624113475175 0.0668693009118541 0.06585612968591692
0 0.35005065856129686 0.16160081053698075 0.057750759878419454 0.06382978723404255
0 0.4868287740628166 0.08358662613981763 0.06382978723404255 0.057750759878419454
0 0.37031408308004055 0.5435663627152989 0.05977710233029382 0.06990881458966565
0 0.13171225937183384 0.6737588652482269 0.07092198581560284 0.0486322188449848
0 0.7036474164133738 0.1651469098277609 0.06180344478216818 0.08105369807497467
0 0.6691995947315096 0.8824721377912867 0.05977710233029382 0.0668693009118541
0 0.38855116514690985 0.7380952380952381 0.05572441742654509 0.05977710233029382
0 0.6413373860182371 0.9154002026342452 0.05268490374873354 0.07396149949341439
0 0.4625126646403242 0.6656534954407295 0.05167173252279635 0.05268490374873354
0 0.45491388044579534 0.8196555217831814 0.0486322188449848 0.05065856129685917
0 0.7056737588652482 0.6317122593718338 0.06585612968591692 0.04356636271529889
0 0.9655521783181358 0.22391084093211752 0.05268490374873354 0.04660587639311044
0 0.8637284701114488 0.24721377912867273 0.057750759878419454 0.0486322188449848
0 0.815096251266464 0.3981762917933131 0.05167173252279635 0.07497467071935157
0 0.9022289766970618 0.5861195542046606 0.06788247213779129 0.03546099290780142
0 0.39260385005065856 0.1717325227963526 0.04356636271529889 0.06382978723404255
0 0.57193515704154 0.3105369807497467 0.06585612968591692 0.04356636271529889
0 0.23708206686930092 0.2872340425531915 0.04660587639311044 0.057750759878419454
0 0.28824721377912865 0.3601823708206687 0.04964539007092199 0.04964539007092199
0 0.4270516717325228 0.875886524822695 0.057750759878419454 0.057750759878419454
0 0.3713272543059777 0.8682877406281662 0.05167173252279635 0.0486322188449848
0 0.8844984802431611 0.6382978723404256 0.0547112462006079 0.05268490374873354
0 0.8186423505572442 0.2507598784194529 0.044579533941236066 0.057750759878419454
0 0.32877406281661603 0.754305977710233 0.05167173252279635 0.04559270516717325
0 0.5460992907801419 0.8343465045592705 0.0547112462006079 0.05369807497467072
0 0.5506585612968592 0.9559270516717325 0.05977710233029382 0.03951367781155015