0 0.3677811550151976 0.2573454913880446 0.06281661600810537 0.06889564336372847
0 0.30749746707193515 0.2016210739614995 0.06382978723404255 0.0972644376899696
0 0.4133738601823708 0.14235055724417425 0.0486322188449848 0.06990881458966565
0 0.22796352583586627 0.42299898682877407 0.08915906788247213 0.06990881458966565
0 0.7882472137791287 0.40476190476190477 0.05268490374873354 0.04356636271529889
0 0.6499493414387031 0.5678824721377913 0.06990881458966565 0.05369807497467072
0 0.6286727456940223 0.7183383991894631 0.047619047619047616 0.03850050658561297
0 0.5881458966565349 0.6165146909827761 0.04964539007092199 0.047619047619047616
0 0.7973657548125633 0.1038500506585613 0.08915906788247213 0.047619047619047616
0 0.07801418439716312 0.03343465045592705 0.07700101317122594 0.05065856129685917
0 0.34194528875379937 0.4027355623100304 0.05369807497467072 0.05977710233029382
0 0.2998986828774063 0.7213779128672746 0.0668693009118541 0.06281661600810537
0 0.3789260385005066 0.6681864235055724 0.06889564336372847 0.047619047619047616
0 0.43667679837892603 0.624113475177305 0.0790273556231003 0.0486322188449848
0 0.7993920972644377 0.8738601823708206 0.0547112462006079 0.047619047619047616
0 0.3323201621073962 0.8161094224924013 0.06484295845997974 0.05572441742654509
0 0.5187436676798379 0.7836879432624113 0.0547112462006079 0.047619047619047616
0 0.036980749746707196 0.5678824721377913 0.06180344478216818 0.037487335359675786
0 0.574468085106383 0.4154002026342452 0.05876393110435663 0.0547112462006079
0 0.57193515704154 0.29128672745694023 0.037487335359675786 0.04964539007092199
0 0.34397163120567376 0.09878419452887538 0.10030395136778116 0.05977710233029382
0 0.03900709219858156 0.07700101317122594 0.06585612968591692 0.0547112462006079
0 0.21428571428571427 0.8581560283687943 0.05572441742654509 0.03850050658561297
0 0.47720364741641336 0.7477203647416414 0.05065856129685917 0.0547112462006079
0 0.5810536980749746 0.7117527862208713 0.04964539007092199 0.05572441742654509
0 0.4817629179331307 0.44376899696048633 0.03546099290780142 0.0729483282674772
0 0.15704154002026344 0.8262411347517731 0.06484295845997974 0.04559270516717325
0 0.33485309017223913 0.914387031408308 0.05977710233029382 0.05572441742654509
0 0.4316109422492401 0.7654508611955421 0.05268490374873354 0.05572441742654509
0 0.38551165146909827 0.4625126646403242 0.05977710233029382 0.03343465045592705
0 0.060790273556231005 0.2948328267477204 0.06484295845997974 0.06889564336372847
0 0.0790273556231003 0.7507598784194529 0.028368794326241134 0.0425531914893617
0 0.39311043566362713 0.9625126646403243 0.040526849037487336 0.0547112462006079
0 0.2695035460992908 0.9093211752786221 0.05268490374873354 0.03546099290780142
0 0.5202634245187436 0.9513677811550152 0.05977710233029382 0.05268490374873354
0 0.2745694022289767 0.6636271529888551 0.0729483282674772 0.0486322188449848
0 0.12613981762917933 0.75177304964539 0.05977710233029382 0.05268490374873354
0 0.9316109422492401 0.2993920972644377 0.10030395136778116 0.0800405268490375
0 0.1469098277608916 0.9346504559270516 0.0668693009118541 0.06382978723404255
0 0.1945288753799392 0.6170212765957447 0.06281661600810537 0.05876393110435663
0 0.2502532928064843 0.7299898682877406 0.040526849037487336 0.04559270516717325
0 0.2127659574468085 0.8019250253292807 0.0547112462006079 0.047619047619047616
0 0.26646403242147926 0.7806484295845998 0.0668693009118541 0.04154002026342452
0 0.5334346504559271 0.6646403242147924 0.05572441742654509 0.08105369807497467
0 0.7213779128672746 0.4219858156028369 0.05268490374873354 0.05167173252279635
0 0.49442755825734547 0.06838905775075987 0.06889564336372847 0.06382978723404255
0 0.4908814589665654 0.12715298885511653 0.07396149949341439 0.03951367781155015
0 0.7036474164133738 0.46605876393110435 0.057750759878419454 0.040526849037487336
0 0.21023302938196556 0.9022289766970618 0.06382978723404255 0.05167173252279635
0 0.6139817629179332 0.450354609929078 0.040526849037487336 0.07396149949341439
0 0.8865248226950354 0.9189463019250254 0.05268490374873354 0.08105369807497467
0 0.4260385005065856 0.24569402228976697 0.05977710233029382 0.05572441742654509
0 0.624113475177305 0.20972644376899696 0.04660587639311044 0.044579533941236066
0 0.6170212765957447 0.303951367781155 0.06281661600810537 0.0486322188449848
0 0.439209726443769 0.39159067882472137 0.06382978723404255 0.057750759878419454
0 0.6256332320162108 0.5911854103343465 0.06382978723404255 0.05977710233029382
0 0.939209726443769 0.8196555217831814 0.0547112462006079 0.06281661600810537
0 0.7700101317122594 0.7897669706180345 0.06281661600810537 0.04154002026342452
0 0.7335359675785208 0.9599797365754813 0.060790273556231005 0.06788247213779129
0 0.6160081053698075 0.9574468085106383 0.044579533941236066 0.05268490374873354
0 0.5785207700101317 0.8865248226950354 0.05268490374873354 0.05268490374873354
0 0.2674772036474164 0.8080040526849037 0.05268490374873354 0.04356636271529889
0 0.02684903748733536 0.8454913880445796 0.04154002026342452 0.04964539007092199
0 0.30243161094224924 0.5562310030395137 0.05977710233029382 0.04660587639311044
0 0.8069908814589666 0.49848024316109424 0.057750759878419454 0.05268490374873354
0 0.35511651469098277 0.7107396149949341 0.05572441742654509 0.04356636271529889
0 0.7578520770010132 0.4878419452887538 0.0425531914893617 0.04559270516717325