0 0.04660587639311044 0.04305977710233029 0.04660587639311044 0.08409321175278622
0 0.3044579533941236 0.05217831813576494 0.08611955420466058 0.057750759878419454
0 0.4452887537993921 0.06788247213779129 0.06585612968591692 0.060790273556231005
0 0.5111448834853091 0.08814589665653495 0.05977710233029382 0.08105369807497467
0 0.5749746707193516 0.10030395136778116 0.05977710233029382 0.05268490374873354
0 0.4898682877406282 0.11702127659574468 0.04964539007092199 0.05369807497467072
0 0.6610942249240122 0.12917933130699089 0.05572441742654509 0.04964539007092199
0 0.8308004052684904 0.057244174265450865 0.044579533941236066 0.03343465045592705
0 0.9376899696048632 0.19148936170212766 0.047619047619047616 0.05673758865248227
0 0.16261398176291794 0.24316109422492402 0.057750759878419454 0.04660587639311044
0 0.21175278622087132 0.24569402228976697 0.0668693009118541 0.06990881458966565
0 0.28976697061803447 0.2259371833839919 0.05268490374873354 0.07092198581560284
0 0.3515704154002026 0.2127659574468085 0.060790273556231005 0.07092198581560284
0 0.36524822695035464 0.28926038500506585 0.06990881458966565 0.06382978723404255
0 0.4316109422492401 0.2132725430597771 0.08105369807497467 0.08409321175278622
0 0.5481256332320162 0.22847011144883486 0.04660587639311044 0.0800405268490375
0 0.5911854103343465 0.23606889564336372 0.02735562310030395 0.044579533941236066
0 0.9381965552178319 0.33991894630192504 0.07700101317122594 0.05977710233029382
0 0.9351570415400202 0.39969604863221886 0.05673758865248227 0.037487335359675786
0 0.04609929078014184 0.2786220871327254 0.05977710233029382 0.060790273556231005
0 0.03292806484295846 0.36930091185410335 0.057750759878419454 0.06382978723404255
0 0.22340425531914893 0.46099290780141844 0.06382978723404255 0.044579533941236066
0 0.45390070921985815 0.35815602836879434 0.0668693009118541 0.05369807497467072
0 0.19199594731509625 0.2983789260385005 0.037487335359675786 0.03343465045592705
0 0.5997973657548126 0.3495440729483283 0.08308004052684904 0.044579533941236066
0 0.5324214792299898 0.3495440729483283 0.05572441742654509 0.030395136778115502
0 0.7365754812563323 0.2684903748733536 0.07700101317122594 0.06281661600810537
0 0.7107396149949341 0.3708206686930091 0.04356636271529889 0.04660587639311044
0 0.8054711246200608 0.42806484295846 0.04660587639311044 0.05369807497467072
0 0.4214792299898683 0.425531914893617 0.060790273556231005 0.05065856129685917
0 0.5648429584599798 0.5491388044579534 0.05977710233029382 0.07700101317122594
0 0.5309017223910841 0.4696048632218845 0.044579533941236066 0.06990881458966565
0 0.08713272543059777 0.5592705167173252 0.0668693009118541 0.060790273556231005
0 0.08763931104356636 0.46099290780141844 0.05369807497467072 0.040526849037487336
0 0.12310030395136778 0.709726443768997 0.06788247213779129 0.05369807497467072
0 0.3069908814589666 0.6681864235055724 0.060790273556231005 0.06990881458966565
0 0.2137791286727457 0.7451874366767984 0.0668693009118541 0.03343465045592705
0 0.2872340425531915 0.75177304964539 0.06382978723404255 0.05268490374873354
0 0.39969604863221886 0.7750759878419453 0.057750759878419454 0.05268490374873354
0 0.4716312056737589 0.7857142857142857 0.03951367781155015 0.05369807497467072
0 0.5172239108409321 0.8024316109422492 0.06382978723404255 0.07092198581560284
0 0.20972644376899696 0.9756838905775076 0.0425531914893617 0.040526849037487336
0 0.5283687943262412 0.8794326241134752 0.06585612968591692 0.0668693009118541
0 0.5309017223910841 0.7001013171225937 0.05268490374873354 0.07092198581560284
0 0.5217831813576495 0.5947315096251267 0.0425531914893617 0.05673758865248227
0 0.6484295845997974 0.544579533941236 0.0911854103343465 0.07801418439716312
0 0.8434650455927052 0.5476190476190477 0.06990881458966565 0.037487335359675786
0 0.7537993920972644 0.795339412360689 0.07700101317122594 0.08105369807497467
0 0.732016210739615 0.12563323201621074 0.07801418439716312 0.06281661600810537
0 0.7492401215805471 0.9103343465045592 0.047619047619047616 0.07396149949341439
0 0.6788247213779128 0.8789260385005065 0.044579533941236066 0.05977710233029382
0 0.7634245187436677 0.668693009118541 0.04964539007092199 0.0668693009118541
0 0.08257345491388045 0.31864235055724416 0.037487335359675786 0.06382978723404255
0 0.9498480243161094 0.42451874366767983 0.04559270516717325 0.034447821681864235
0 0.4630192502532928 0.9549138804457954 0.05876393110435663 0.057750759878419454
0 0.21631205673758866 0.790273556231003 0.07598784194528875 0.05876393110435663
0 0.6124620060790273 0.925531914893617 0.0800405268490375 0.09219858156028368
0 0.37943262411347517 0.04204660587639311 0.05977710233029382 0.06990881458966565
0 0.7239108409321175 0.5055724417426545 0.037487335359675786 0.0729483282674772
0 0.35714285714285715 0.34194528875379937 0.07801418439716312 0.05167173252279635
0 0.38095238095238093 0.12056737588652482 0.05876393110435663 0.07700101317122594
0 0.8834853090172239 0.1281661600810537 0.05268490374873354 0.06585612968591692
0 0.7608915906788247 0.04356636271529889 0.06889564336372847 0.06281661600810537
0 0.8140830800405269 0.1347517730496454 0.06990881458966565 0.06889564336372847
0 0.6914893617021277 0.7001013171225937 0.05977710233029382 0.08105369807497467
0 0.2127659574468085 0.6889564336372846 0.0851063829787234 0.0729483282674772
0 0.9422492401215805 0.8632218844984803 0.0668693009118541 0.09321175278622088
0 0.3768996960486322 0.7274569402228976 0.05673758865248227 0.05065856129685917
0 0.8941236068895644 0.5405268490374874 0.06180344478216818 0.05572441742654509