0 0.3221884498480243 0.1469098277608916 0.08915906788247213 0.0668693009118541
0 0.196048632218845 0.08156028368794327 0.07801418439716312 0.08409321175278622
0 0.23353596757852077 0.12563323201621074 0.0800405268490375 0.07700101317122594
0 0.46605876393110435 0.05167173252279635 0.07092198581560284 0.05065856129685917
0 0.6651469098277609 0.061296859169199594 0.07396149949341439 0.07801418439716312
0 0.6494427558257345 0.13829787234042554 0.08713272543059777 0.037487335359675786
0 0.839918946301925 0.10081053698074975 0.0668693009118541 0.047619047619047616
0 0.7695035460992907 0.10131712259371833 0.05977710233029382 0.040526849037487336
0 0.6767983789260384 0.21529888551165147 0.040526849037487336 0.04356636271529889
0 0.6398176291793313 0.22289766970618036 0.05369807497467072 0.05065856129685917
0 0.6651469098277609 0.28368794326241137 0.07801418439716312 0.05065856129685917
0 0.7497467071935157 0.2968591691995947 0.060790273556231005 0.0729483282674772
0 0.34701114488348533 0.25987841945288753 0.08409321175278622 0.057750759878419454
0 0.2740628166160081 0.2978723404255319 0.06585612968591692 0.06281661600810537
0 0.20972644376899696 0.375886524822695 0.0729483282674772 0.08105369807497467
0 0.08713272543059777 0.4022289766970618 0.060790273556231005 0.06281661600810537
0 0.30851063829787234 0.3774062816616008 0.06990881458966565 0.047619047619047616
0 0.3844984802431611 0.3905775075987842 0.05369807497467072 0.06382978723404255
0 0.5005065856129686 0.29736575481256333 0.05268490374873354 0.05977710233029382
0 0.5790273556231003 0.3211752786220871 0.06585612968591692 0.034447821681864235
0 0.4908814589665654 0.36524822695035464 0.06382978723404255 0.05572441742654509
0 0.875886524822695 0.43667679837892603 0.07396149949341439 0.08308004052684904
0 0.8485309017223911 0.49746707193515705 0.06585612968591692 0.060790273556231005
0 0.8059777102330293 0.6246200607902735 0.057750759878419454 0.05167173252279635
0 0.6717325227963525 0.7781155015197568 0.0486322188449848 0.0547112462006079
0 0.7477203647416414 0.7365754812563323 0.05065856129685917 0.040526849037487336
0 0.03596757852077001 0.49746707193515705 0.06990881458966565 0.05673758865248227
0 0.14893617021276595 0.5785207700101317 0.07092198581560284 0.060790273556231005
0 0.1281661600810537 0.6271529888551165 0.07598784194528875 0.0425531914893617
0 0.20516717325227962 0.6367781155015197 0.07598784194528875 0.07801418439716312
0 0.07801418439716312 0.7102330293819655 0.05673758865248227 0.05065856129685917
0 0.05167173252279635 0.7613981762917933 0.0425531914893617 0.05977710233029382
0 0.06990881458966565 0.8328267477203647 0.05268490374873354 0.09321175278622088
0 0.12310030395136778 0.8257345491388045 0.04356636271529889 0.0668693009118541
0 0.16058763931104356 0.8637284701114488 0.06788247213779129 0.04964539007092199
0 0.32016210739615 0.8459979736575481 0.07092198581560284 0.0729483282674772
0 0.3323201621073962 0.7664640324214792 0.060790273556231005 0.07598784194528875
0 0.28976697061803447 0.6762917933130699 0.07092198581560284 0.04964539007092199
0 0.41286727456940225 0.7016210739614995 0.06788247213779129 0.03951367781155015
0 0.4706180344478217 0.754305977710233 0.05369807497467072 0.04964539007092199
0 0.4037487335359676 0.9523809523809523 0.06585612968591692 0.0729483282674772
0 0.33383991894630194 0.45997973657548125 0.05369807497467072 0.0425531914893617
0 0.378419452887538 0.4706180344478217 0.05572441742654509 0.04356636271529889
0 0.3834853090172239 0.5668693009118541 0.057750759878419454 0.06382978723404255
0 0.42451874366767983 0.6590678824721378 0.044579533941236066 0.05369807497467072
0 0.48125633232016213 0.42907801418439717 0.0425531914893617 0.057750759878419454
0 0.569402228976697 0.44883485309017224 0.060790273556231005 0.0486322188449848
0 0.11499493414387031 0.7401215805471124 0.047619047619047616 0.05572441742654509
0 0.04609929078014184 0.17983789260385005 0.05572441742654509 0.06180344478216818
0 0.10587639311043566 0.16312056737588654 0.057750759878419454 0.0547112462006079
0 0.47112462006079026 0.8566362715298885 0.0911854103343465 0.08409321175278622
0 0.44832826747720367 0.4513677811550152 0.057750759878419454 0.05167173252279635
0 0.9260385005065856 0.342451874366768 0.07497467071935157 0.05268490374873354
0 0.5435663627152989 0.7649442755825735 0.09219858156028368 0.08105369807497467
0 0.4827760891590679 0.6575481256332321 0.04559270516717325 0.08915906788247213
0 0.24569402228976697 0.8409321175278622 0.0800405268490375 0.09523809523809523
0 0.22745694022289767 0.5182370820668692 0.08814589665653495 0.047619047619047616
0 0.8470111448834853 0.8389057750759878 0.060790273556231005 0.06889564336372847
0 0.6296859169199595 0.8429584599797366 0.04559270516717325 0.05065856129685917
0 0.770516717325228 0.6833839918946302 0.06788247213779129 0.05369807497467072
0 0.3292806484295846 0.939209726443769 0.060790273556231005 0.05065856129685917
0 0.13677811550151975 0.690982776089159 0.06281661600810537 0.06281661600810537
0 0.2847011144883485 0.5906788247213779 0.07092198581560284 0.07497467071935157
0 0.20871327254305977 0.2188449848024316 0.06889564336372847 0.07092198581560284
0 0.5896656534954408 0.6697061803444783 0.0486322188449848 0.06889564336372847
0 0.6236068895643364 0.09979736575481256 0.05977710233029382 0.057750759878419454
0 0.6681864235055724 0.5273556231003039 0.05977710233029382 0.07193515704154002
0 0.9123606889564336 0.10790273556231003 0.04154002026342452 0.05977710233029382
0 0.7512664640324215 0.4533941236068896 0.07193515704154002 0.0800405268490375
0 0.7872340425531915 0.96403242147923 0.07700101317122594 0.06382978723404255
0 0.9219858156028369 0.5369807497467072 0.0486322188449848 0.060790273556231005