0 0.7735562310030395 0.9594731509625126 0.08814589665653495 0.06889564336372847
0 0.9224924012158054 0.7421479229989868 0.10435663627152988 0.05572441742654509
0 0.4827760891590679 0.7112462006079028 0.08206686930091185 0.060790273556231005
0 0.19300911854103345 0.8611955420466059 0.06990881458966565 0.06484295845997974
0 0.11955420466058764 0.8718338399189463 0.07497467071935157 0.05977710233029382
0 0.04154002026342452 0.8743667679837892 0.07700101317122594 0.0729483282674772
0 0.7011144883485309 0.5724417426545086 0.07497467071935157 0.044579533941236066
0 0.5253292806484295 0.6504559270516718 0.06788247213779129 0.05268490374873354
0 0.5972644376899696 0.7117527862208713 0.09219858156028368 0.06585612968591692
0 0.4554204660587639 0.6149949341438703 0.05572441742654509 0.0547112462006079
0 0.36119554204660587 0.7862208713272543 0.06382978723404255 0.0425531914893617
0 0.4625126646403242 0.4837892603850051 0.07396149949341439 0.04964539007092199
0 0.506079027355623 0.5303951367781155 0.057750759878419454 0.057750759878419454
0 0.13221884498480244 0.5506585612968592 0.06990881458966565 0.06382978723404255
0 0.19807497467071936 0.5612968591691996 0.04356636271529889 0.0425531914893617
0 0.29736575481256333 0.5091185410334347 0.0800405268490375 0.05572441742654509
0 0.5491388044579534 0.35714285714285715 0.0425531914893617 0.04559270516717325
0 0.6474164133738601 0.15653495440729484 0.060790273556231005 0.05977710233029382
0 0.5932117527862208 0.17375886524822695 0.04964539007092199 0.06788247213779129
0 0.5506585612968592 0.18085106382978725 0.04559270516717325 0.06382978723404255
0 0.6357649442755826 0.22897669706180346 0.03951367781155015 0.060790273556231005
0 0.3880445795339412 0.5628166160081054 0.0486322188449848 0.04356636271529889
0 0.04356636271529889 0.439209726443769 0.060790273556231005 0.04964539007092199
0 0.2765957446808511 0.32776089159067884 0.05268490374873354 0.07396149949341439
0 0.5121580547112462 0.12613981762917933 0.0800405268490375 0.057750759878419454
0 0.3105369807497467 0.37031408308004055 0.07801418439716312 0.05369807497467072
0 0.3252279635258359 0.21580547112462006 0.07700101317122594 0.044579533941236066
0 0.3829787234042553 0.13323201621073963 0.0547112462006079 0.04356636271529889
0 0.4133738601823708 0.09878419452887538 0.06889564336372847 0.04964539007092199
0 0.709726443768997 0.2887537993920973 0.06382978723404255 0.03850050658561297
0 0.7664640324214792 0.06231003039513678 0.04356636271529889 0.057750759878419454
0 0.1403242147922999 0.2629179331306991 0.05369807497467072 0.05977710233029382
0 0.40628166160081053 0.2193515704154002 0.040526849037487336 0.047619047619047616
0 0.31357649442755825 0.1393110435663627 0.047619047619047616 0.03951367781155015
0 0.6443768996960486 0.054204660587639314 0.028368794326241134 0.04964539007092199
0 0.9002026342451874 0.1337386018237082 0.06990881458966565 0.07497467071935157
0 0.3774062816616008 0.6403242147923 0.04559270516717325 0.0547112462006079
0 0.38044579533941236 0.7107396149949341 0.07396149949341439 0.05572441742654509
0 0.21732522796352582 0.05015197568389058 0.05167173252279635 0.047619047619047616
0 0.19098277608915906 0.23302938196555217 0.05572441742654509 0.05268490374873354
0 0.5319148936170213 0.05116514690982776 0.06889564336372847 0.04559270516717325
0 0.7755825734549139 0.5243161094224924 0.05572441742654509 0.05572441742654509
0 0.16109422492401215 0.19199594731509625 0.0486322188449848 0.04964539007092199
0 0.06838905775075987 0.1590678824721378 0.06382978723404255 0.0364741641337386
0 0.30749746707193515 0.09473150962512665 0.05572441742654509 0.04154002026342452
0 0.790273556231003 0.2259371833839919 0.0547112462006079 0.044579533941236066
0 0.45288753799392095 0.353596757852077 0.0364741641337386 0.05268490374873354
0 0.25937183383991896 0.8125633232016211 0.06281661600810537 0.03850050658561297
0 0.22036474164133737 0.6590678824721378 0.057750759878419454 0.04964539007092199
0 0.09625126646403243 0.13120567375886524 0.0486322188449848 0.04154002026342452