0 0.21529888551165147 0.7786220871327254 0.057750759878419454 0.04559270516717325
0 0.5116514690982776 0.6783181357649443 0.0486322188449848 0.047619047619047616
0 0.21732522796352582 0.13677811550151975 0.057750759878419454 0.05876393110435663
0 0.7168186423505573 0.23961499493414387 0.07598784194528875 0.08206686930091185
0 0.04508611955420466 0.31762917933130697 0.06382978723404255 0.05572441742654509
0 0.14184397163120568 0.6788247213779128 0.06889564336372847 0.0486322188449848
0 0.14235055724417425 0.524822695035461 0.06180344478216818 0.0486322188449848
0 0.41641337386018235 0.7218844984802432 0.0425531914893617 0.04559270516717325
0 0.7857142857142857 0.31357649442755825 0.07193515704154002 0.05369807497467072
0 0.8201621073961499 0.35207700101317124 0.07598784194528875 0.04356636271529889
0 0.3262411347517731 0.03596757852077001 0.0790273556231003 0.06585612968591692
0 0.1702127659574468 0.1595744680851064 0.0547112462006079 0.05572441742654509
0 0.18743667679837892 0.3981762917933131 0.0729483282674772 0.06889564336372847
0 0.05673758865248227 0.6727456940222898 0.06281661600810537 0.06281661600810537
0 0.7664640324214792 0.790273556231003 0.037487335359675786 0.0851063829787234
0 0.8834853090172239 0.5876393110435664 0.06281661600810537 0.044579533941236066
0 0.5780141843971631 0.6540020263424519 0.06382978723404255 0.05369807497467072
0 0.13221884498480244 0.1038500506585613 0.05572441742654509 0.057750759878419454
0 0.3774062816616008 0.18439716312056736 0.05572441742654509 0.0547112462006079
0 0.9113475177304965 0.5126646403242148 0.09422492401215805 0.040526849037487336
0 0.7411347517730497 0.6205673758865248 0.08206686930091185 0.05167173252279635
0 0.7284701114488349 0.7092198581560284 0.0668693009118541 0.03850050658561297
0 0.5805471124620061 0.9452887537993921 0.06281661600810537 0.06281661600810537
0 0.5982776089159068 0.4949341438703141 0.10030395136778116 0.037487335359675786
0 0.6013171225937184 0.5957446808510638 0.047619047619047616 0.060790273556231005
0 0.26393110435663625 0.5476190476190477 0.047619047619047616 0.05977710233029382
0 0.3951367781155015 0.5901722391084093 0.06281661600810537 0.05572441742654509
0 0.3910840932117528 0.6403242147923 0.044579533941236066 0.05673758865248227
0 0.1773049645390071 0.8181357649442755 0.05673758865248227 0.047619047619047616
0 0.5167173252279635 0.26038500506585616 0.08713272543059777 0.06281661600810537
0 0.5937183383991894 0.34802431610942247 0.0547112462006079 0.04964539007092199
0 0.07092198581560284 0.10182370820668693 0.06484295845997974 0.05977710233029382
0 0.0916919959473151 0.05876393110435663 0.06788247213779129 0.05268490374873354
0 0.0851063829787234 0.16869300911854104 0.0729483282674772 0.04356636271529889
0 0.9154002026342452 0.34397163120567376 0.09827760891590678 0.09219858156028368
0 0.16666666666666666 0.6109422492401215 0.04356636271529889 0.06281661600810537
0 0.23961499493414387 0.2811550151975684 0.07193515704154002 0.057750759878419454
0 0.39463019250253295 0.41691995947315097 0.06585612968591692 0.04356636271529889
0 0.2684903748733536 0.4083080040526849 0.0486322188449848 0.07092198581560284
0 0.9022289766970618 0.7350557244174265 0.03951367781155015 0.04356636271529889
0 0.5374873353596757 0.7725430597771024 0.04356636271529889 0.03546099290780142
0 0.5851063829787234 0.770516717325228 0.03951367781155015 0.04964539007092199
0 0.6261398176291794 0.770516717325228 0.03850050658561297 0.05167173252279635
0 0.342451874366768 0.544579533941236 0.0425531914893617 0.05167173252279635