0 0.05217831813576494 0.07244174265450862 0.07598784194528875 0.04154002026342452
0 0.07446808510638298 0.12006079027355623 0.05572441742654509 0.04964539007092199
0 0.12006079027355623 0.11398176291793313 0.04964539007092199 0.05167173252279635
0 0.1529888551165147 0.06281661600810537 0.07497467071935157 0.0425531914893617
0 0.18541033434650456 0.11398176291793313 0.0486322188449848 0.05167173252279635
0 0.1773049645390071 0.1534954407294833 0.07497467071935157 0.04559270516717325
0 0.17426545086119555 0.1950354609929078 0.08105369807497467 0.05572441742654509
0 0.09321175278622088 0.1757852077001013 0.08713272543059777 0.06585612968591692
0 0.24164133738601823 0.044579533941236066 0.07193515704154002 0.06484295845997974
0 0.24721377912867273 0.10587639311043566 0.03850050658561297 0.04154002026342452
0 0.28216818642350555 0.1347517730496454 0.06180344478216818 0.04660587639311044
0 0.292806484295846 0.08865248226950355 0.03850050658561297 0.04559270516717325
0 0.34397163120567376 0.08409321175278622 0.06788247213779129 0.05876393110435663
0 0.3566362715298885 0.11144883485309018 0.0729483282674772 0.0547112462006079
0 0.364741641337386 0.04002026342451875 0.0486322188449848 0.03951367781155015
0 0.4336372847011145 0.03850050658561297 0.0851063829787234 0.06281661600810537
0 0.49138804457953394 0.07852077001013172 0.0547112462006079 0.04559270516717325
0 0.5542046605876393 0.07750759878419453 0.0364741641337386 0.04964539007092199
0 0.5628166160081054 0.11904761904761904 0.05977710233029382 0.04964539007092199
0 0.6676798378926039 0.036980749746707196 0.08915906788247213 0.03951367781155015
0 0.7259371833839919 0.03090172239108409 0.057750759878419454 0.05572441742654509
0 0.6545086119554204 0.07446808510638298 0.05876393110435663 0.04559270516717325
0 0.7284701114488349 0.0851063829787234 0.08915906788247213 0.04660587639311044
0 0.9148936170212766 0.037487335359675786 0.05268490374873354 0.0547112462006079
0 0.9549138804457954 0.06484295845997974 0.06180344478216818 0.05268490374873354
0 0.9473150962512664 0.1337386018237082 0.05876393110435663 0.07092198581560284
0 0.8910840932117527 0.1757852077001013 0.057750759878419454 0.06585612968591692
0 0.828774062816616 0.22745694022289767 0.0972644376899696 0.04964539007092199
0 0.7193515704154002 0.1453900709219858 0.08713272543059777 0.05572441742654509
0 0.7897669706180345 0.15552178318135765 0.057750759878419454 0.05572441742654509
0 0.6231003039513677 0.1585612968591692 0.03850050658561297 0.04356636271529889
0 0.6529888551165147 0.1691995947315096 0.04356636271529889 0.0486322188449848
0 0.6767983789260384 0.23100303951367782 0.0486322188449848 0.08105369807497467
0 0.7426545086119554 0.18034447821681865 0.05876393110435663 0.03850050658561297
0 0.7502532928064843 0.21529888551165147 0.06180344478216818 0.04964539007092199
0 0.7355623100303952 0.2867274569402229 0.05268490374873354 0.05876393110435663
0 0.8044579533941236 0.3454913880445795 0.0486322188449848 0.03850050658561297
0 0.8576494427558258 0.33181357649442755 0.06788247213779129 0.04154002026342452
0 0.9579533941236069 0.3596757852077001 0.05977710233029382 0.05268490374873354
0 0.9417426545086119 0.39311043566362713 0.05167173252279635 0.03242147922998987
0 0.9179331306990881 0.4219858156028369 0.06281661600810537 0.05167173252279635
0 0.9042553191489362 0.4989868287740628 0.04964539007092199 0.04559270516717325
0 0.9376899696048632 0.513677811550152 0.03951367781155015 0.03850050658561297
0 0.8267477203647416 0.4564336372847011 0.0851063829787234 0.04559270516717325
0 0.853596757852077 0.4746707193515704 0.06585612968591692 0.03951367781155015
0 0.869807497467072 0.5319148936170213 0.05167173252279635 0.05268490374873354
0 0.8282674772036475 0.5212765957446809 0.04964539007092199 0.05572441742654509
0 0.6160081053698075 0.29736575481256333 0.06281661600810537 0.04356636271529889
0 0.585612968591692 0.31864235055724416 0.05268490374873354 0.04356636271529889
0 0.6494427558257345 0.3546099290780142 0.08105369807497467 0.06281661600810537
0 0.6621073961499493 0.38855116514690985 0.057750759878419454 0.04559270516717325
0 0.6940222897669707 0.3723404255319149 0.028368794326241134 0.03951367781155015
0 0.7330293819655522 0.40070921985815605 0.03951367781155015 0.04356636271529889
0 0.7223910840932117 0.44984802431610943 0.04660587639311044 0.03850050658561297
0 0.7401215805471124 0.4898682877406282 0.06788247213779129 0.04964539007092199
0 0.770516717325228 0.5415400202634245 0.05167173252279635 0.04356636271529889
0 0.7786220871327254 0.5749746707193516 0.07801418439716312 0.05977710233029382
0 0.828774062816616 0.6139817629179332 0.0486322188449848 0.05268490374873354
0 0.9381965552178319 0.6413373860182371 0.06484295845997974 0.0547112462006079
0 0.9103343465045592 0.6661600810536981 0.08206686930091185 0.06585612968591692
0 0.7031408308004052 0.5612968591691996 0.0911854103343465 0.0486322188449848
0 0.6879432624113475 0.6139817629179332 0.06889564336372847 0.06281661600810537
0 0.7386018237082067 0.6499493414387031 0.05876393110435663 0.03343465045592705
0 0.7613981762917933 0.7198581560283688 0.07193515704154002 0.06585612968591692
0 0.6352583586626139 0.6854103343465046 0.07497467071935157 0.05167173252279635
0 0.5577507598784195 0.6803444782168186 0.04964539007092199 0.04559270516717325
0 0.5840932117527862 0.6251266464032421 0.057750759878419454 0.0547112462006079
0 0.6296859169199595 0.6048632218844985 0.05167173252279635 0.0729483282674772
0 0.4766970618034448 0.6246200607902735 0.05572441742654509 0.04559270516717325
0 0.49746707193515705 0.5845997973657548 0.0486322188449848 0.04660587639311044
0 0.5334346504559271 0.549645390070922 0.05977710233029382 0.03343465045592705
0 0.5334346504559271 0.5111448834853091 0.05977710233029382 0.04154002026342452
0 0.4797365754812563 0.48936170212765956 0.04964539007092199 0.0425531914893617
0 0.4376899696048632 0.4452887537993921 0.06281661600810537 0.05572441742654509
0 0.5045592705167173 0.38551165146909827 0.06889564336372847 0.05977710233029382
0 0.5775075987841946 0.41185410334346506 0.0486322188449848 0.03951367781155015
0 0.5952380952380952 0.4630192502532928 0.04559270516717325 0.03850050658561297
0 0.6393110435663627 0.4574468085106383 0.06484295845997974 0.06585612968591692
0 0.6286727456940223 0.5278622087132725 0.06788247213779129 0.0547112462006079
0 0.5227963525835866 0.30851063829787234 0.05876393110435663 0.06585612968591692
0 0.4868287740628166 0.2573454913880446 0.06585612968591692 0.03850050658561297
0 0.4387031408308004 0.26646403242147926 0.07497467071935157 0.0547112462006079
0 0.4594731509625127 0.18541033434650456 0.04356636271529889 0.0425531914893617
0 0.414387031408308 0.1838905775075988 0.05876393110435663 0.05572441742654509
0 0.3880445795339412 0.20516717325227962 0.03242147922998987 0.05167173252279635
0 0.34701114488348533 0.19655521783181357 0.05167173252279635 0.0486322188449848
0 0.2548125633232016 0.24518743667679838 0.07193515704154002 0.0547112462006079
0 0.2862208713272543 0.3049645390070922 0.04964539007092199 0.0547112462006079
0 0.35511651469098277 0.29635258358662614 0.04356636271529889 0.04154002026342452
0 0.36879432624113473 0.2548125633232016 0.06484295845997974 0.04356636271529889
0 0.3956433637284701 0.38551165146909827 0.05167173252279635 0.07801418439716312
0 0.23708206686930092 0.3171225937183384 0.0486322188449848 0.0547112462006079
0 0.1884498480243161 0.3009118541033435 0.05876393110435663 0.03850050658561297
0 0.11246200607902736 0.31256332320162106 0.04660587639311044 0.05572441742654509
0 0.1691995947315096 0.3601823708206687 0.0972644376899696 0.05167173252279635
0 0.10081053698074975 0.42958459979736574 0.05167173252279635 0.04660587639311044
0 0.16210739614994935 0.4078014184397163 0.07497467071935157 0.04356636271529889
0 0.16666666666666666 0.4265450861195542 0.05977710233029382 0.0425531914893617
0 0.18541033434650456 0.4635258358662614 0.05876393110435663 0.05167173252279635
0 0.1950354609929078 0.5157041540020263 0.06180344478216818 0.04660587639311044
0 0.2684903748733536 0.516210739614995 0.05876393110435663 0.05977710233029382
0 0.2684903748733536 0.44832826747720367 0.07497467071935157 0.05572441742654509
0 0.27152988855116517 0.37335359675785207 0.0547112462006079 0.05977710233029382
0 0.32168186423505574 0.4027355623100304 0.04964539007092199 0.07801418439716312
0 0.35916919959473154 0.4579533941236069 0.04559270516717325 0.03850050658561297
0 0.32370820668693007 0.5192502532928065 0.05977710233029382 0.05167173252279635
0 0.35511651469098277 0.5592705167173252 0.04964539007092199 0.03850050658561297
0 0.39463019250253295 0.5562310030395137 0.04356636271529889 0.03850050658561297
0 0.1099290780141844 0.5197568389057751 0.04356636271529889 0.05268490374873354
0 0.05977710233029382 0.5587639311043566 0.0486322188449848 0.04559270516717325
0 0.10486322188449848 0.5911854103343465 0.04559270516717325 0.04559270516717325
0 0.033941236068895646 0.6266464032421479 0.06585612968591692 0.06180344478216818
0 0.24316109422492402 0.6063829787234043 0.04660587639311044 0.06788247213779129
0 0.29635258358662614 0.5972644376899696 0.04964539007092199 0.03546099290780142
0 0.3728470111448835 0.5962512664640324 0.05876393110435663 0.03343465045592705
0 0.27152988855116517 0.6458966565349544 0.0851063829787234 0.04559270516717325
0 0.3140830800405269 0.6925025329280649 0.05268490374873354 0.03951367781155015
0 0.3586626139817629 0.7284701114488349 0.05876393110435663 0.05876393110435663
0 0.46707193515704154 0.7340425531914894 0.06281661600810537 0.057750759878419454
0 0.5562310030395137 0.7573454913880446 0.06484295845997974 0.03951367781155015
0 0.5937183383991894 0.7993920972644377 0.07497467071935157 0.0486322188449848
0 0.6519756838905775 0.8262411347517731 0.04154002026342452 0.04559270516717325
0 0.7593718338399189 0.8257345491388045 0.08206686930091185 0.06281661600810537
0 0.9260385005065856 0.8617021276595744 0.10131712259371833 0.08814589665653495
0 0.7730496453900709 0.9675785207700102 0.08713272543059777 0.04660587639311044
0 0.7102330293819655 0.9194528875379939 0.0851063829787234 0.05572441742654509
0 0.7077001013171226 0.8611955420466059 0.06788247213779129 0.0547112462006079
0 0.6347517730496454 0.869807497467072 0.07193515704154002 0.04559270516717325
0 0.6514690982776089 0.9133738601823708 0.0486322188449848 0.04356636271529889
0 0.5927051671732523 0.9042553191489362 0.0547112462006079 0.057750759878419454
0 0.5450861195542046 0.8829787234042553 0.07497467071935157 0.06585612968591692
0 0.4837892603850051 0.8637284701114488 0.06585612968591692 0.05572441742654509
0 0.48733535967578523 0.9726443768996961 0.0851063829787234 0.0425531914893617
0 0.5810536980749746 0.9782168186423505 0.06585612968591692 0.03951367781155015
0 0.4447821681864235 0.9224924012158054 0.0790273556231003 0.03546099290780142
0 0.34498480243161095 0.9346504559270516 0.06180344478216818 0.05977710233029382
0 0.38145896656534956 0.8738601823708206 0.07193515704154002 0.06788247213779129
0 0.43110435663627156 0.8343465045592705 0.05167173252279635 0.05977710233029382
0 0.3718338399189463 0.7907801418439716 0.06889564336372847 0.057750759878419454
0 0.44224924012158057 0.7801418439716312 0.05572441742654509 0.03850050658561297
0 0.2978723404255319 0.8657548125633232 0.04660587639311044 0.04356636271529889
0 0.2634245187436677 0.8318135764944276 0.0425531914893617 0.0486322188449848
0 0.2077001013171226 0.8130699088145896 0.06889564336372847 0.057750759878419454
0 0.16160081053698075 0.85612968591692 0.06788247213779129 0.05876393110435663
0 0.160081053698075 0.9093211752786221 0.0911854103343465 0.05977710233029382
0 0.05167173252279635 0.8794326241134752 0.06484295845997974 0.07092198581560284
0 0.037487335359675786 0.8252279635258358 0.06889564336372847 0.06180344478216818
0 0.09219858156028368 0.8120567375886525 0.04660587639311044 0.05572441742654509
0 0.05268490374873354 0.770516717325228 0.05876393110435663 0.057750759878419454
0 0.16717325227963525 0.7477203647416414 0.06484295845997974 0.05876393110435663
0 0.2137791286727457 0.7152988855116514 0.04660587639311044 0.04660587639311044
0 0.14944275582573455 0.7021276595744681 0.03951367781155015 0.04660587639311044
0 0.2259371833839919 0.7462006079027356 0.0486322188449848 0.03546099290780142
0 0.2507598784194529 0.7223910840932117 0.03951367781155015 0.04660587639311044
0 0.2867274569402229 0.720871327254306 0.0425531914893617 0.04154002026342452