0 0.37031408308004055 0.1276595744680851 0.04964539007092199 0.060790273556231005
0 0.3434650455927052 0.1691995947315096 0.08105369807497467 0.0364741641337386
0 0.33789260385005065 0.20516717325227962 0.06788247213779129 0.03343465045592705
0 0.4265450861195542 0.2198581560283688 0.05268490374873354 0.060790273556231005
0 0.4523809523809524 0.3465045592705167 0.06382978723404255 0.05065856129685917
0 0.49037487335359675 0.2998986828774063 0.06281661600810537 0.044579533941236066
0 0.21580547112462006 0.303951367781155 0.05065856129685917 0.044579533941236066
0 0.23404255319148937 0.23454913880445796 0.04660587639311044 0.03951367781155015
0 0.13019250253292808 0.28318135764944274 0.05369807497467072 0.03951367781155015
0 0.07092198581560284 0.2862208713272543 0.06281661600810537 0.04356636271529889
0 0.2132725430597771 0.34701114488348533 0.05369807497467072 0.03343465045592705
0 0.040526849037487336 0.4022289766970618 0.044579533941236066 0.05268490374873354
0 0.09878419452887538 0.4037487335359676 0.04356636271529889 0.03343465045592705
0 0.0668693009118541 0.45390070921985815 0.05268490374873354 0.02634245187436677
0 0.1778115501519757 0.47112462006079026 0.04356636271529889 0.05268490374873354
0 0.3171225937183384 0.5309017223910841 0.060790273556231005 0.05065856129685917
0 0.2725430597771023 0.4817629179331307 0.044579533941236066 0.047619047619047616
0 0.13627152988855115 0.5040526849037488 0.07396149949341439 0.04356636271529889
0 0.044072948328267476 0.6129685916919959 0.03343465045592705 0.0425531914893617
0 0.14944275582573455 0.6428571428571429 0.04356636271529889 0.03951367781155015
0 0.08713272543059777 0.7315096251266464 0.06281661600810537 0.040526849037487336
0 0.12006079027355623 0.6894630192502533 0.037487335359675786 0.04559270516717325
0 0.20871327254305977 0.7836879432624113 0.05673758865248227 0.047619047619047616
0 0.21073961499493415 0.828774062816616 0.040526849037487336 0.0243161094224924
0 0.24873353596757852 0.898176291793313 0.037487335359675786 0.05572441742654509
0 0.2872340425531915 0.85612968591692 0.07396149949341439 0.040526849037487336
0 0.09979736575481256 0.8632218844984803 0.047619047619047616 0.034447821681864235
0 0.3171225937183384 0.7862208713272543 0.044579533941236066 0.0425531914893617
0 0.19807497467071936 0.8718338399189463 0.05572441742654509 0.037487335359675786
0 0.2548125633232016 0.8080040526849037 0.04356636271529889 0.05572441742654509
0 0.3789260385005066 0.8743667679837892 0.04660587639311044 0.0364741641337386
0 0.3525835866261398 0.9488348530901722 0.0425531914893617 0.03951367781155015
0 0.6382978723404256 0.7608915906788247 0.044579533941236066 0.040526849037487336
0 0.5212765957446809 0.5623100303951368 0.0800405268490375 0.034447821681864235
0 0.38145896656534956 0.5075987841945289 0.05369807497467072 0.03242147922998987
0 0.38753799392097266 0.39260385005065856 0.057750759878419454 0.04964539007092199
0 0.47619047619047616 0.41691995947315097 0.044579533941236066 0.04356636271529889
0 0.569402228976697 0.4959473150962513 0.0729483282674772 0.047619047619047616
0 0.7411347517730497 0.6266464032421479 0.057750759878419454 0.03951367781155015
0 0.8495440729483282 0.8156028368794326 0.047619047619047616 0.040526849037487336
0 0.7512664640324215 0.7968591691995948 0.057750759878419454 0.05572441742654509
0 0.8844984802431611 0.8652482269503546 0.05065856129685917 0.05065856129685917
0 0.06433637284701114 0.9260385005065856 0.06990881458966565 0.040526849037487336
0 0.8267477203647416 0.10182370820668693 0.05268490374873354 0.047619047619047616
0 0.5759878419452887 0.9189463019250254 0.05369807497467072 0.044579533941236066
0 0.9630192502532928 0.11246200607902736 0.047619047619047616 0.044579533941236066
0 0.6838905775075987 0.2755825734549139 0.08713272543059777 0.07700101317122594
0 0.44782168186423504 0.1828774062816616 0.060790273556231005 0.04356636271529889
0 0.7639311043566362 0.10233029381965553 0.0364741641337386 0.05065856129685917
0 0.13728470111448834 0.8054711246200608 0.05167173252279635 0.0486322188449848
0 0.28368794326241137 0.12613981762917933 0.034447821681864235 0.05977710233029382
0 0.6063829787234043 0.5587639311043566 0.06382978723404255 0.037487335359675786
0 0.6691995947315096 0.0425531914893617 0.07396149949341439 0.05065856129685917
0 0.9250253292806484 0.9594731509625126 0.0547112462006079 0.044579533941236066
0 0.5020263424518744 0.8799392097264438 0.05977710233029382 0.057750759878419454
0 0.516210739614995 0.22897669706180346 0.05167173252279635 0.06281661600810537
0 0.4402228976697062 0.9250253292806484 0.06788247213779129 0.0425531914893617
0 0.7710233029381965 0.7558257345491388 0.060790273556231005 0.05673758865248227
0 0.23708206686930092 0.5987841945288754 0.0486322188449848 0.05673758865248227