0 0.35309017223910844 0.13576494427558258 0.06180344478216818 0.0547112462006079
0 0.3850050658561297 0.18642350557244175 0.06484295845997974 0.0425531914893617
0 0.6306990881458967 0.05521783181357649 0.06990881458966565 0.05572441742654509
0 0.06838905775075987 0.11904761904761904 0.06180344478216818 0.06585612968591692
0 0.5395136778115501 0.2259371833839919 0.06788247213779129 0.03850050658561297
0 0.47619047619047616 0.17831813576494426 0.05268490374873354 0.05268490374873354
0 0.7218844984802432 0.05167173252279635 0.09219858156028368 0.05268490374873354
0 0.8363728470111449 0.2132725430597771 0.05167173252279635 0.037487335359675786
0 0.1474164133738602 0.41134751773049644 0.05572441742654509 0.0425531914893617
0 0.3252279635258359 0.33586626139817627 0.06889564336372847 0.06382978723404255
0 0.6565349544072948 0.35106382978723405 0.0486322188449848 0.06990881458966565
0 0.2689969604863222 0.5400202634245187 0.04356636271529889 0.03850050658561297
0 0.8733535967578521 0.36524822695035464 0.03850050658561297 0.03546099290780142
0 0.9250253292806484 0.48733535967578523 0.060790273556231005 0.0425531914893617
0 0.8252279635258358 0.4766970618034448 0.037487335359675786 0.037487335359675786
0 0.8966565349544073 0.3049645390070922 0.05065856129685917 0.040526849037487336
0 0.5055724417426545 0.49848024316109424 0.07497467071935157 0.0425531914893617
0 0.5187436676798379 0.30141843971631205 0.05268490374873354 0.03343465045592705
0 0.8809523809523809 0.5344478216818642 0.07396149949341439 0.05572441742654509
0 0.6134751773049646 0.4696048632218845 0.06382978723404255 0.04964539007092199
0 0.7451874366767984 0.5531914893617021 0.08814589665653495 0.06889564336372847
0 0.5040526849037488 0.60790273556231 0.057750759878419454 0.05268490374873354
0 0.2502532928064843 0.6388044579533941 0.05268490374873354 0.057750759878419454
0 0.29584599797365757 0.6843971631205674 0.05268490374873354 0.05167173252279635
0 0.31762917933130697 0.6631205673758865 0.06585612968591692 0.04356636271529889
0 0.378419452887538 0.6367781155015197 0.03546099290780142 0.05977710233029382
0 0.37537993920972645 0.7031408308004052 0.047619047619047616 0.0486322188449848
0 0.4341438703140831 0.682370820668693 0.06382978723404255 0.047619047619047616
0 0.4219858156028369 0.7644376899696048 0.047619047619047616 0.03951367781155015
0 0.2725430597771023 0.7669706180344478 0.0547112462006079 0.05673758865248227
0 0.3069908814589666 0.8424518743667679 0.05065856129685917 0.03951367781155015
0 0.4858156028368794 0.8186423505572442 0.04964539007092199 0.0547112462006079
0 0.3637284701114488 0.916919959473151 0.040526849037487336 0.0425531914893617
0 0.22137791286727457 0.8029381965552178 0.029381965552178316 0.03951367781155015
0 0.025329280648429583 0.6372847011144883 0.044579533941236066 0.0425531914893617
0 0.6550151975683891 0.7968591691995948 0.05572441742654509 0.03343465045592705
0 0.9432624113475178 0.7345491388044579 0.060790273556231005 0.0547112462006079
0 0.7041540020263425 0.9442755825734549 0.044579533941236066 0.0547112462006079
0 0.809017223910841 0.6398176291793313 0.057750759878419454 0.03951367781155015
0 0.18135764944275581 0.09017223910840932 0.0911854103343465 0.05673758865248227
0 0.7477203647416414 0.4432624113475177 0.05065856129685917 0.06382978723404255
0 0.22188449848024316 0.05217831813576494 0.05268490374873354 0.047619047619047616
0 0.47112462006079026 0.2634245187436677 0.0547112462006079 0.06281661600810537
0 0.41742654508611954 0.24518743667679838 0.044579533941236066 0.07497467071935157
0 0.8201621073961499 0.767983789260385 0.05977710233029382 0.0729483282674772
0 0.18034447821681865 0.8844984802431611 0.05876393110435663 0.0668693009118541
0 0.1038500506585613 0.7188449848024316 0.09219858156028368 0.047619047619047616
0 0.8617021276595744 0.12208713272543059 0.09017223910840932 0.06788247213779129
0 0.9351570415400202 0.6702127659574468 0.04660587639311044 0.06585612968591692
0 0.7907801418439716 0.8394123606889564 0.06382978723404255 0.057750759878419454
0 0.19148936170212766 0.46099290780141844 0.0547112462006079 0.0486322188449848
0 0.19807497467071936 0.488855116514691 0.04964539007092199 0.04356636271529889
0 0.24772036474164133 0.720871327254306 0.04964539007092199 0.05572441742654509
0 0.6276595744680851 0.8454913880445796 0.05167173252279635 0.06382978723404255
0 0.9235055724417427 0.43566362715298884 0.05572441742654509 0.0486322188449848
0 0.29128672745694023 0.2198581560283688 0.05977710233029382 0.044579533941236066
0 0.5916919959473151 0.07750759878419453 0.05673758865248227 0.03951367781155015
0 0.2137791286727457 0.9513677811550152 0.0425531914893617 0.05065856129685917