0 0.34093211752786223 0.32168186423505574 0.06585612968591692 0.06990881458966565
0 0.35612968591691996 0.20516717325227962 0.05167173252279635 0.06585612968591692
0 0.28318135764944274 0.6124620060790273 0.05167173252279635 0.06788247213779129
0 0.24974670719351572 0.6266464032421479 0.047619047619047616 0.057750759878419454
0 0.14893617021276595 0.6864235055724417 0.0547112462006079 0.05977710233029382
0 0.11195542046605876 0.7401215805471124 0.06788247213779129 0.04559270516717325
0 0.06484295845997974 0.6960486322188449 0.05876393110435663 0.05065856129685917
0 0.04508611955420466 0.5435663627152989 0.05167173252279635 0.06382978723404255
0 0.08713272543059777 0.5151975683890577 0.05673758865248227 0.06180344478216818
0 0.21529888551165147 0.5020263424518744 0.06585612968591692 0.04559270516717325
0 0.1458966565349544 0.42451874366767983 0.05673758865248227 0.0486322188449848
0 0.07041540020263425 0.40070921985815605 0.05167173252279635 0.05369807497467072
0 0.5314083080040527 0.2786220871327254 0.05572441742654509 0.05673758865248227
0 0.5825734549138805 0.26494427558257344 0.044579533941236066 0.047619047619047616
0 0.7983789260385005 0.11347517730496454 0.05268490374873354 0.05268490374873354
0 0.809017223910841 0.054204660587639314 0.04559270516717325 0.04154002026342452
0 0.6702127659574468 0.034447821681864235 0.05369807497467072 0.0486322188449848
0 0.7011144883485309 0.43059777102330293 0.0486322188449848 0.06889564336372847
0 0.6210739614994935 0.4949341438703141 0.04660587639311044 0.047619047619047616
0 0.4265450861195542 0.630192502532928 0.0547112462006079 0.05673758865248227
0 0.4326241134751773 0.5678824721377913 0.0547112462006079 0.05167173252279635
0 0.2872340425531915 0.5151975683890577 0.05977710233029382 0.07598784194528875
0 0.21833839918946302 0.5506585612968592 0.04356636271529889 0.05369807497467072
0 0.45896656534954405 0.9508611955420466 0.06889564336372847 0.06180344478216818
0 0.5962512664640324 0.9569402228976697 0.06585612968591692 0.06180344478216818
0 0.8333333333333334 0.9260385005065856 0.06990881458966565 0.05673758865248227
0 0.922998986828774 0.9285714285714286 0.0668693009118541 0.04154002026342452
0 0.900709219858156 0.8201621073961499 0.05268490374873354 0.05369807497467072
0 0.9108409321175278 0.6534954407294833 0.0486322188449848 0.05268490374873354
0 0.4868287740628166 0.7852077001013171 0.057750759878419454 0.05673758865248227
0 0.5415400202634245 0.6474164133738601 0.05167173252279635 0.0547112462006079
0 0.5704154002026343 0.5805471124620061 0.06484295845997974 0.05673758865248227
0 0.6296859169199595 0.3262411347517731 0.057750759878419454 0.044579533941236066
0 0.4219858156028369 0.12107396149949341 0.03951367781155015 0.06180344478216818
0 0.10790273556231003 0.9148936170212766 0.09625126646403243 0.05268490374873354
0 0.5243161094224924 0.7112462006079028 0.057750759878419454 0.034447821681864235
0 0.4858156028368794 0.6752786220871327 0.06585612968591692 0.05167173252279635
0 0.09979736575481256 0.5800405268490375 0.04154002026342452 0.04356636271529889
0 0.14792299898682879 0.5942249240121581 0.04660587639311044 0.06180344478216818
0 0.1408308004052685 0.4959473150962513 0.05268490374873354 0.05572441742654509
0 0.2796352583586626 0.11144883485309018 0.0668693009118541 0.04660587639311044
0 0.38652482269503546 0.1458966565349544 0.06585612968591692 0.040526849037487336
0 0.4093211752786221 0.3252279635258359 0.06484295845997974 0.05876393110435663
0 0.5278622087132725 0.09827760891590678 0.06281661600810537 0.05268490374873354
0 0.4260385005065856 0.061296859169199594 0.05977710233029382 0.047619047619047616
0 0.353596757852077 0.39159067882472137 0.06281661600810537 0.05977710233029382
0 0.33080040526849036 0.4533941236068896 0.06382978723404255 0.05167173252279635
0 0.4554204660587639 0.7370820668693009 0.05572441742654509 0.04356636271529889
0 0.4199594731509625 0.8687943262411347 0.06382978723404255 0.06788247213779129
0 0.6828774062816616 0.5207700101317123 0.06281661600810537 0.0486322188449848
0 0.6139817629179332 0.16869300911854104 0.06889564336372847 0.04356636271529889
0 0.878419452887538 0.0800405268490375 0.0486322188449848 0.07700101317122594
0 0.795339412360689 0.196048632218845 0.044579533941236066 0.057750759878419454
0 0.9549138804457954 0.41084093211752787 0.06585612968591692 0.05167173252279635
0 0.7963525835866262 0.5800405268490375 0.0486322188449848 0.05369807497467072
0 0.6788247213779128 0.28824721377912865 0.05673758865248227 0.05369807497467072
0 0.7507598784194529 0.1580547112462006 0.07700101317122594 0.0364741641337386
0 0.6276595744680851 0.10435663627152988 0.031408308004052685 0.0486322188449848
0 0.560790273556231 0.7993920972644377 0.04356636271529889 0.0486322188449848
0 0.5238095238095238 0.7553191489361702 0.05673758865248227 0.04154002026342452
0 0.196048632218845 0.9442755825734549 0.06180344478216818 0.0911854103343465
0 0.33282674772036475 0.6788247213779128 0.06990881458966565 0.05876393110435663
0 0.27811550151975684 0.41742654508611954 0.05167173252279635 0.0425531914893617
0 0.6484295845997974 0.23606889564336372 0.06484295845997974 0.0364741641337386
0 0.49037487335359675 0.22289766970618036 0.05065856129685917 0.0547112462006079
0 0.5562310030395137 0.375886524822695 0.07700101317122594 0.06889564336372847
0 0.6828774062816616 0.6788247213779128 0.0790273556231003 0.060790273556231005
0 0.11347517730496454 0.96403242147923 0.05876393110435663 0.05167173252279635
0 0.375886524822695 0.7330293819655522 0.0790273556231003 0.05369807497467072
0 0.20212765957446807 0.6180344478216818 0.05167173252279635 0.0668693009118541
0 0.38095238095238093 0.4675785207700101 0.06889564336372847 0.05167173252279635
0 0.8358662613981763 0.6975683890577508 0.05065856129685917 0.05369807497467072
0 0.875886524822695 0.19047619047619047 0.06180344478216818 0.0486322188449848
0 0.8409321175278622 0.14792299898682879 0.0486322188449848 0.07700101317122594
0 0.936676798378926 0.08409321175278622 0.05572441742654509 0.05673758865248227
0 0.7811550151975684 0.3834853090172239 0.060790273556231005 0.05167173252279635
0 0.7365754812563323 0.30547112462006076 0.060790273556231005 0.07598784194528875
0 0.7218844984802432 0.4898682877406282 0.05167173252279635 0.06585612968591692
0 0.6580547112462006 0.569402228976697 0.05572441742654509 0.04660587639311044
0 0.9488348530901722 0.6919959473150963 0.04559270516717325 0.0486322188449848
0 0.9574468085106383 0.5699088145896657 0.05876393110435663 0.05167173252279635
0 0.20364741641337386 0.1707193515704154 0.0486322188449848 0.05167173252279635
0 0.1337386018237082 0.22036474164133737 0.05876393110435663 0.05167173252279635
0 0.24012158054711247 0.4371833839918946 0.060790273556231005 0.05167173252279635
0 0.08966565349544073 0.7922998986828774 0.05167173252279635 0.0486322188449848
0 0.26494427558257344 0.9726443768996961 0.05572441742654509 0.0486322188449848
0 0.31357649442755825 0.9022289766970618 0.05167173252279635 0.05369807497467072
0 0.256838905775076 0.9209726443768997 0.04559270516717325 0.04660587639311044
0 0.9270516717325228 0.8844984802431611 0.05876393110435663 0.0486322188449848
0 0.8885511651469098 0.7497467071935157 0.05876393110435663 0.060790273556231005
0 0.1833839918946302 0.25987841945288753 0.05673758865248227 0.06585612968591692
0 0.25785207700101315 0.2619047619047619 0.05167173252279635 0.05369807497467072
0 0.5795339412360689 0.7122593718338399 0.060790273556231005 0.04660587639311044
0 0.8166160081053698 0.7553191489361702 0.05065856129685917 0.04154002026342452
0 0.7264437689969605 0.6256332320162108 0.05065856129685917 0.05167173252279635
0 0.3525835866261398 0.25987841945288753 0.05673758865248227 0.05167173252279635
0 0.12563323201621074 0.2740628166160081 0.04660587639311044 0.04154002026342452
0 0.693515704154002 0.1899696048632219 0.06180344478216818 0.05369807497467072
0 0.8500506585612969 0.6256332320162108 0.05673758865248227 0.04154002026342452
0 0.6423505572441742 0.8546099290780141 0.07092198581560284 0.05572441742654509
0 0.6646403242147924 0.9599797365754813 0.0486322188449848 0.07396149949341439