0 0.06281661600810537 0.07193515704154002 0.05673758865248227 0.030395136778115502
0 0.10840932117527863 0.146403242147923 0.05673758865248227 0.06382978723404255
0 0.2750759878419453 0.1833839918946302 0.0800405268490375 0.04660587639311044
0 0.23302938196555217 0.256838905775076 0.06281661600810537 0.047619047619047616
0 0.18693009118541035 0.3723404255319149 0.047619047619047616 0.05572441742654509
0 0.30851063829787234 0.2613981762917933 0.03951367781155015 0.0364741641337386
0 0.4939209726443769 0.21681864235055726 0.037487335359675786 0.04660587639311044
0 0.08054711246200608 0.6813576494427558 0.07598784194528875 0.06585612968591692
0 0.24012158054711247 0.49240121580547114 0.08713272543059777 0.05065856129685917
0 0.29736575481256333 0.7695035460992907 0.07801418439716312 0.047619047619047616
0 0.1833839918946302 0.7173252279635258 0.040526849037487336 0.044579533941236066
0 0.5202634245187436 0.5927051671732523 0.06990881458966565 0.05065856129685917
0 0.4473150962512665 0.9539007092198581 0.07396149949341439 0.06382978723404255
0 0.4579533941236069 0.7811550151975684 0.0486322188449848 0.05065856129685917
0 0.4625126646403242 0.6975683890577508 0.05572441742654509 0.05572441742654509
0 0.2938196555217832 0.6220871327254306 0.05268490374873354 0.03242147922998987
0 0.792806484295846 0.5455927051671733 0.05977710233029382 0.047619047619047616
0 0.3080040526849038 0.900709219858156 0.040526849037487336 0.0668693009118541
0 0.04305977710233029 0.8389057750759878 0.037487335359675786 0.04660587639311044
0 0.07801418439716312 0.7416413373860182 0.044579533941236066 0.0364741641337386
0 0.35815602836879434 0.6950354609929078 0.047619047619047616 0.05268490374873354
0 0.04609929078014184 0.2016210739614995 0.05369807497467072 0.060790273556231005
0 0.12056737588652482 0.8272543059777102 0.040526849037487336 0.07598784194528875
0 0.1879432624113475 0.04812563323201621 0.05572441742654509 0.047619047619047616
0 0.7492401215805471 0.8530901722391084 0.05572441742654509 0.060790273556231005
0 0.10233029381965553 0.3515704154002026 0.0425531914893617 0.040526849037487336
0 0.2634245187436677 0.704660587639311 0.05065856129685917 0.057750759878419454
0 0.12158054711246201 0.6205673758865248 0.04660587639311044 0.037487335359675786
0 0.5450861195542046 0.4447821681864235 0.07700101317122594 0.0547112462006079
0 0.7077001013171226 0.06281661600810537 0.05572441742654509 0.044579533941236066
0 0.502532928064843 0.36220871327254306 0.060790273556231005 0.047619047619047616
0 0.11904761904761904 0.5374873353596757 0.07193515704154002 0.04559270516717325
0 0.23100303951367782 0.5501519756838906 0.05673758865248227 0.05065856129685917
0 0.9422492401215805 0.4797365754812563 0.0668693009118541 0.05369807497467072
0 0.8936170212765957 0.7077001013171226 0.06889564336372847 0.07193515704154002
0 0.7077001013171226 0.9432624113475178 0.09827760891590678 0.05065856129685917
0 0.916919959473151 0.5298885511651469 0.06889564336372847 0.05876393110435663
0 0.6266464032421479 0.7254305977710233 0.047619047619047616 0.0486322188449848
0 0.4432624113475177 0.029381965552178316 0.047619047619047616 0.0486322188449848