0 0.11904761904761904 0.04154002026342452 0.08206686930091185 0.05876393110435663
0 0.04305977710233029 0.11904761904761904 0.06585612968591692 0.04964539007092199
0 0.1767983789260385 0.10790273556231003 0.07193515704154002 0.057750759878419454
0 0.1337386018237082 0.12968591691995948 0.0729483282674772 0.06484295845997974
0 0.12056737588652482 0.157548125633232 0.06281661600810537 0.05572441742654509
0 0.06585612968591692 0.1767983789260385 0.04660587639311044 0.057750759878419454
0 0.21124620060790272 0.1717325227963526 0.05572441742654509 0.04154002026342452
0 0.38855116514690985 0.09422492401215805 0.057750759878419454 0.06281661600810537
0 0.34194528875379937 0.10233029381965553 0.029381965552178316 0.0425531914893617
0 0.2740628166160081 0.171225937183384 0.05977710233029382 0.0425531914893617
0 0.32269503546099293 0.13728470111448834 0.04356636271529889 0.05167173252279635
0 0.2735562310030395 0.12715298885511653 0.0364741641337386 0.04559270516717325
0 0.43667679837892603 0.14994934143870314 0.08105369807497467 0.03850050658561297
0 0.43059777102330293 0.19858156028368795 0.0972644376899696 0.05876393110435663
0 0.5324214792299898 0.1474164133738602 0.08409321175278622 0.05167173252279635
0 0.5972644376899696 0.08206686930091185 0.06180344478216818 0.05268490374873354
0 0.6676798378926039 0.0729483282674772 0.06281661600810537 0.0547112462006079
0 0.7006079027355623 0.030395136778115502 0.06585612968591692 0.0425531914893617
0 0.7684903748733536 0.03900709219858156 0.05167173252279635 0.057750759878419454
0 0.8049645390070922 0.17882472137791286 0.07193515704154002 0.05572441742654509
0 0.7183383991894631 0.2006079027355623 0.04660587639311044 0.06889564336372847
0 0.704660587639311 0.29128672745694023 0.06788247213779129 0.05977710233029382
0 0.9002026342451874 0.27203647416413373 0.05572441742654509 0.04559270516717325
0 0.7887537993920972 0.30749746707193515 0.08206686930091185 0.06585612968591692
0 0.7933130699088146 0.3505572441742654 0.06281661600810537 0.04660587639311044
0 0.9295845997973657 0.4275582573454914 0.05977710233029382 0.0364741641337386
0 0.8809523809523809 0.4569402228976697 0.06180344478216818 0.0851063829787234
0 0.662613981762918 0.40628166160081053 0.06281661600810537 0.0547112462006079
0 0.5982776089159068 0.49240121580547114 0.07193515704154002 0.06889564336372847
0 0.6940222897669707 0.5587639311043566 0.0425531914893617 0.06585612968591692
0 0.8515704154002026 0.5780141843971631 0.04154002026342452 0.05167173252279635
0 0.7198581560283688 0.6231003039513677 0.04964539007092199 0.0547112462006079
0 0.6656534954407295 0.6165146909827761 0.07092198581560284 0.04964539007092199
0 0.8551165146909828 0.7467071935157041 0.07497467071935157 0.0547112462006079
0 0.8424518743667679 0.7907801418439716 0.07193515704154002 0.05167173252279635
0 0.8991894630192503 0.8125633232016211 0.07193515704154002 0.07092198581560284
0 0.8926038500506586 0.8996960486322189 0.05268490374873354 0.0486322188449848
0 0.6656534954407295 0.732016210739615 0.08105369807497467 0.05167173252279635
0 0.6899696048632219 0.7735562310030395 0.0729483282674772 0.03951367781155015
0 0.47112462006079026 0.7051671732522796 0.07092198581560284 0.0425531914893617
0 0.5344478216818642 0.7026342451874367 0.06180344478216818 0.05167173252279635
0 0.6038500506585613 0.7178318135764944 0.06484295845997974 0.07598784194528875
0 0.6023302938196555 0.7725430597771024 0.09827760891590678 0.06788247213779129
0 0.5253292806484295 0.7831813576494427 0.07193515704154002 0.0547112462006079
0 0.4321175278622087 0.7608915906788247 0.04154002026342452 0.05268490374873354
0 0.4696048632218845 0.8186423505572442 0.06788247213779129 0.0425531914893617
0 0.42299898682877407 0.8419452887537994 0.05977710233029382 0.07497467071935157
0 0.5050658561296859 0.96403242147923 0.06788247213779129 0.057750759878419454
0 0.5906788247213779 0.922998986828774 0.06484295845997974 0.0486322188449848
0 0.6347517730496454 0.869807497467072 0.06585612968591692 0.05167173252279635
0 0.6732522796352584 0.9062816616008106 0.057750759878419454 0.03951367781155015
0 0.7021276595744681 0.9356636271529889 0.06484295845997974 0.04964539007092199
0 0.35714285714285715 0.9123606889564336 0.05977710233029382 0.05167173252279635
0 0.35005065856129686 0.8262411347517731 0.03951367781155015 0.05977710233029382
0 0.30547112462006076 0.8029381965552178 0.05977710233029382 0.06788247213779129
0 0.28216818642350555 0.8495440729483282 0.05977710233029382 0.05167173252279635
0 0.22239108409321176 0.8890577507598785 0.03951367781155015 0.057750759878419454
0 0.08966565349544073 0.8470111448834853 0.06180344478216818 0.06484295845997974
0 0.1342451874366768 0.8353596757852076 0.06585612968591692 0.05572441742654509
0 0.13171225937183384 0.7821681864235056 0.06889564336372847 0.0547112462006079
0 0.1955420466058764 0.7608915906788247 0.05876393110435663 0.05876393110435663
0 0.0977710233029382 0.7330293819655522 0.057750759878419454 0.04964539007092199
0 0.1752786220871327 0.6904761904761905 0.06889564336372847 0.05572441742654509
0 0.12056737588652482 0.6818642350557245 0.06281661600810537 0.06484295845997974
0 0.07750759878419453 0.6479229989868288 0.08409321175278622 0.05977710233029382
0 0.15096251266464034 0.6322188449848024 0.0790273556231003 0.06281661600810537
0 0.21833839918946302 0.64387031408308 0.05572441742654509 0.05977710233029382
0 0.27152988855116517 0.7092198581560284 0.08105369807497467 0.0790273556231003
0 0.2548125633232016 0.6008105369807497 0.07193515704154002 0.0425531914893617
0 0.06382978723404255 0.5516717325227963 0.0486322188449848 0.06585612968591692
0 0.15501519756838905 0.5663627152988855 0.06889564336372847 0.0547112462006079
0 0.2193515704154002 0.5618034447821681 0.05167173252279635 0.057750759878419454
0 0.2548125633232016 0.53596757852077 0.057750759878419454 0.05268490374873354
0 0.2922998986828774 0.5602836879432624 0.04154002026342452 0.0486322188449848
0 0.14893617021276595 0.5212765957446809 0.07497467071935157 0.04154002026342452
0 0.1955420466058764 0.48936170212765956 0.0911854103343465 0.0486322188449848
0 0.07750759878419453 0.47821681864235055 0.05572441742654509 0.0425531914893617
0 0.14488348530901723 0.4554204660587639 0.08713272543059777 0.04964539007092199
0 0.07446808510638298 0.4199594731509625 0.07598784194528875 0.05572441742654509
0 0.1585612968591692 0.39463019250253295 0.08206686930091185 0.05167173252279635
0 0.24265450861195542 0.4442755825734549 0.09827760891590678 0.05977710233029382
0 0.30851063829787234 0.49746707193515705 0.05977710233029382 0.06889564336372847
0 0.35612968591691996 0.5086119554204661 0.057750759878419454 0.06281661600810537
0 0.4326241134751773 0.49544072948328266 0.08915906788247213 0.0486322188449848
0 0.46099290780141844 0.44984802431610943 0.05876393110435663 0.0486322188449848
0 0.48936170212765956 0.439209726443769 0.05268490374873354 0.06788247213779129
0 0.41641337386018235 0.4194528875379939 0.0486322188449848 0.04660587639311044
0 0.4331306990881459 0.3353596757852077 0.04964539007092199 0.06889564336372847
0 0.3718338399189463 0.375886524822695 0.06484295845997974 0.0790273556231003
0 0.2907801418439716 0.4037487335359676 0.04660587639311044 0.029381965552178316
0 0.13829787234042554 0.3404255319148936 0.05977710233029382 0.06484295845997974
0 0.07396149949341439 0.34903748733535966 0.0425531914893617 0.03951367781155015
0 0.06484295845997974 0.30648429584599796 0.05876393110435663 0.06180344478216818
0 0.12715298885511653 0.27001013171225935 0.05167173252279635 0.04154002026342452
0 0.18490374873353596 0.29533941236068895 0.057750759878419454 0.03546099290780142
0 0.2796352583586626 0.25278622087132724 0.08915906788247213 0.05977710233029382
0 0.2867274569402229 0.3161094224924012 0.07497467071935157 0.05876393110435663
0 0.2968591691995947 0.3667679837892604 0.04660587639311044 0.0425531914893617
0 0.21681864235055726 0.3976697061803445 0.06484295845997974 0.04356636271529889
0 0.41742654508611954 0.5962512664640324 0.06484295845997974 0.07598784194528875
0 0.33890577507598785 0.44376899696048633 0.05167173252279635 0.05268490374873354