0 0.3252279635258359 0.6570415400202634 0.05065856129685917 0.047619047619047616
0 0.34701114488348533 0.8738601823708206 0.037487335359675786 0.07193515704154002
0 0.5749746707193516 0.9037487335359676 0.07193515704154002 0.05268490374873354
0 0.9174265450861195 0.8353596757852076 0.08409321175278622 0.05977710233029382
0 0.9072948328267477 0.47821681864235055 0.06585612968591692 0.0547112462006079
0 0.7406281661600811 0.8242147922998987 0.0790273556231003 0.10233029381965553
0 0.39260385005065856 0.5466058763931104 0.05977710233029382 0.047619047619047616
0 0.3191489361702128 0.5425531914893617 0.05268490374873354 0.06585612968591692
0 0.09473150962512665 0.40628166160081053 0.07396149949341439 0.040526849037487336
0 0.04154002026342452 0.563323201621074 0.040526849037487336 0.0790273556231003
0 0.5263424518743668 0.4204660587639311 0.04154002026342452 0.05673758865248227
0 0.45997973657548125 0.4630192502532928 0.07700101317122594 0.0486322188449848
0 0.541033434650456 0.4726443768996961 0.0790273556231003 0.04154002026342452
0 0.516210739614995 0.5045592705167173 0.047619047619047616 0.0668693009118541
0 0.5790273556231003 0.3252279635258359 0.05369807497467072 0.044579533941236066
0 0.1894630192502533 0.3880445795339412 0.06281661600810537 0.05065856129685917
0 0.04154002026342452 0.3181357649442756 0.06281661600810537 0.0364741641337386
0 0.5430597771023303 0.09067882472137791 0.05673758865248227 0.04154002026342452
0 0.4939209726443769 0.17477203647416414 0.047619047619047616 0.047619047619047616
0 0.23049645390070922 0.16312056737588654 0.057750759878419454 0.044579533941236066
0 0.2968591691995947 0.17983789260385005 0.04660587639311044 0.047619047619047616
0 0.1636271529888551 0.25835866261398177 0.06382978723404255 0.04660587639311044
0 0.6990881458966566 0.9371833839918946 0.05673758865248227 0.0486322188449848
0 0.6524822695035462 0.8870314083080041 0.05876393110435663 0.05572441742654509
0 0.9457953394123607 0.6859169199594731 0.05572441742654509 0.0668693009118541
0 0.4336372847011145 0.7745694022289767 0.07092198581560284 0.06585612968591692
0 0.8470111448834853 0.42401215805471126 0.060790273556231005 0.05572441742654509
0 0.6904761904761905 0.19300911854103345 0.05572441742654509 0.05572441742654509
0 0.6063829787234043 0.4083080040526849 0.06585612968591692 0.07092198581560284
0 0.6499493414387031 0.26393110435663625 0.05572441742654509 0.06382978723404255
0 0.47922998986828774 0.3981762917933131 0.05673758865248227 0.0668693009118541
0 0.4209726443768997 0.3677811550151976 0.06585612968591692 0.040526849037487336
0 0.27912867274569403 0.3844984802431611 0.05369807497467072 0.04356636271529889
0 0.39969604863221886 0.6894630192502533 0.05572441742654509 0.06382978723404255
0 0.41843971631205673 0.23505572441742653 0.05065856129685917 0.040526849037487336
0 0.7983789260385005 0.04812563323201621 0.0668693009118541 0.05167173252279635
0 0.39209726443769 0.4397163120567376 0.060790273556231005 0.04660587639311044
0 0.32370820668693007 0.44832826747720367 0.05167173252279635 0.05369807497467072
0 0.9037487335359676 0.05825734549138804 0.04660587639311044 0.04559270516717325
0 0.6565349544072948 0.5942249240121581 0.0668693009118541 0.07598784194528875
0 0.7512664640324215 0.38753799392097266 0.05369807497467072 0.06585612968591692
0 0.7254305977710233 0.7315096251266464 0.05673758865248227 0.040526849037487336
0 0.4787234042553192 0.806484295845998 0.04356636271529889 0.040526849037487336
0 0.2548125633232016 0.8622087132725431 0.05167173252279635 0.060790273556231005
0 0.5349544072948328 0.34701114488348533 0.05065856129685917 0.04154002026342452
0 0.24924012158054712 0.36524822695035464 0.05876393110435663 0.05167173252279635
0 0.5866261398176292 0.7593718338399189 0.0486322188449848 0.04559270516717325
0 0.07700101317122594 0.9381965552178319 0.06281661600810537 0.0547112462006079