0 0.06332320162107397 0.13728470111448834 0.05167173252279635 0.06585612968591692
0 0.21631205673758866 0.025329280648429583 0.07193515704154002 0.044579533941236066
0 0.20263424518743667 0.057750759878419454 0.060790273556231005 0.0547112462006079
0 0.21479229989868287 0.24366767983789261 0.040526849037487336 0.04559270516717325
0 0.1833839918946302 0.3090172239108409 0.0790273556231003 0.03850050658561297
0 0.3515704154002026 0.3779128672745694 0.07700101317122594 0.04660587639311044
0 0.39311043566362713 0.2695035460992908 0.08308004052684904 0.0425531914893617
0 0.8059777102330293 0.040526849037487336 0.05572441742654509 0.0486322188449848
0 0.8343465045592705 0.08865248226950355 0.05167173252279635 0.06180344478216818
0 0.8439716312056738 0.33080040526849036 0.07700101317122594 0.06180344478216818
0 0.6276595744680851 0.34194528875379937 0.07396149949341439 0.04356636271529889
0 0.4797365754812563 0.35106382978723405 0.03546099290780142 0.04356636271529889
0 0.3059777102330294 0.054204660587639314 0.05673758865248227 0.029381965552178316
0 0.7041540020263425 0.04204660587639311 0.05065856129685917 0.05977710233029382
0 0.9442755825734549 0.5177304964539007 0.044579533941236066 0.0547112462006079
0 0.894630192502533 0.5724417426545086 0.0729483282674772 0.0547112462006079
0 0.7938196555217831 0.414387031408308 0.04356636271529889 0.07700101317122594
0 0.488855116514691 0.8799392097264438 0.05572441742654509 0.05977710233029382
0 0.3029381965552178 0.4493414387031408 0.05065856129685917 0.04356636271529889
0 0.4746707193515704 0.040526849037487336 0.05977710233029382 0.060790273556231005
0 0.6884498480243161 0.7218844984802432 0.057750759878419454 0.05977710233029382
0 0.6960486322188449 0.8232016210739616 0.0790273556231003 0.06180344478216818
0 0.12462006079027356 0.342451874366768 0.060790273556231005 0.07700101317122594
0 0.034954407294832825 0.34802431610942247 0.06990881458966565 0.04356636271529889
0 0.7274569402228976 0.44782168186423504 0.04660587639311044 0.05268490374873354
0 0.9680851063829787 0.22492401215805471 0.05977710233029382 0.044579533941236066
0 0.43110435663627156 0.9645390070921985 0.037487335359675786 0.05268490374873354
0 0.21479229989868287 0.9498480243161094 0.05673758865248227 0.029381965552178316
0 0.78419452887538 0.46656534954407297 0.0729483282674772 0.057750759878419454
0 0.7401215805471124 0.5562310030395137 0.05977710233029382 0.06484295845997974
0 0.6580547112462006 0.4533941236068896 0.05167173252279635 0.05572441742654509
0 0.3120567375886525 0.6144883485309017 0.05065856129685917 0.06180344478216818
0 0.4387031408308004 0.6550151975683891 0.04660587639311044 0.08206686930091185
0 0.4569402228976697 0.7239108409321175 0.04660587639311044 0.05977710233029382
0 0.4918946301925025 0.7477203647416414 0.05977710233029382 0.05673758865248227
0 0.4351570415400203 0.4402228976697062 0.029381965552178316 0.05572441742654509
0 0.5293819655521783 0.8627152988855117 0.05572441742654509 0.06382978723404255
0 0.25278622087132724 0.4625126646403242 0.03951367781155015 0.05167173252279635
0 0.09219858156028368 0.4736575481256332 0.0547112462006079 0.047619047619047616
0 0.12613981762917933 0.7998986828774063 0.06180344478216818 0.06180344478216818
0 0.7629179331306991 0.9184397163120568 0.06281661600810537 0.04356636271529889
0 0.5901722391084093 0.9067882472137792 0.037487335359675786 0.05268490374873354
0 0.05521783181357649 0.9042553191489362 0.047619047619047616 0.04964539007092199
0 0.6251266464032421 0.31256332320162106 0.08915906788247213 0.04964539007092199
0 0.8424518743667679 0.8637284701114488 0.06382978723404255 0.05369807497467072
0 0.4766970618034448 0.6337386018237082 0.04154002026342452 0.04154002026342452
0 0.6013171225937184 0.6185410334346505 0.047619047619047616 0.05167173252279635
0 0.4989868287740628 0.5572441742654508 0.057750759878419454 0.040526849037487336
0 0.8642350557244174 0.3900709219858156 0.03850050658561297 0.044579533941236066
0 0.9194528875379939 0.29533941236068895 0.04559270516717325 0.04964539007092199
0 0.5754812563323202 0.256838905775076 0.06484295845997974 0.037487335359675786
0 0.9660587639311043 0.5800405268490375 0.05167173252279635 0.05167173252279635
0 0.41793313069908816 0.8069908814589666 0.05977710233029382 0.04154002026342452
0 0.48125633232016213 0.9569402228976697 0.030395136778115502 0.05167173252279635
0 0.0911854103343465 0.7532928064842959 0.06484295845997974 0.037487335359675786
0 0.057244174265450865 0.24265450861195542 0.06990881458966565 0.07801418439716312
0 0.19351570415400202 0.10587639311043566 0.06889564336372847 0.03343465045592705
0 0.6899696048632219 0.17933130699088146 0.05876393110435663 0.06281661600810537
0 0.6828774062816616 0.26393110435663625 0.05876393110435663 0.06382978723404255
0 0.92806484295846 0.11550151975683891 0.06281661600810537 0.05876393110435663
0 0.6256332320162108 0.08206686930091185 0.06990881458966565 0.05876393110435663
0 0.3956433637284701 0.5005065856129686 0.05572441742654509 0.05065856129685917
0 0.3637284701114488 0.7228976697061803 0.0547112462006079 0.05167173252279635
0 0.3880445795339412 0.6084093211752786 0.0547112462006079 0.04559270516717325
0 0.4508611955420466 0.1474164133738602 0.0486322188449848 0.07396149949341439
0 0.5035460992907801 0.12563323201621074 0.05268490374873354 0.05268490374873354
0 0.8834853090172239 0.9219858156028369 0.05268490374873354 0.040526849037487336
0 0.11955420466058764 0.9184397163120568 0.04660587639311044 0.03546099290780142
0 0.15501519756838905 0.8024316109422492 0.05268490374873354 0.0547112462006079
0 0.033941236068895646 0.9513677811550152 0.04154002026342452 0.040526849037487336
0 0.09371833839918946 0.9336372847011145 0.04964539007092199 0.04154002026342452
0 0.662613981762918 0.648936170212766 0.060790273556231005 0.04964539007092199
0 0.3029381965552178 0.2862208713272543 0.04660587639311044 0.05167173252279635
0 0.04913880445795339 0.6980749746707193 0.04559270516717325 0.0486322188449848