0 0.5916919959473151 0.7360688956433638 0.05876393110435663 0.06990881458966565
0 0.6869300911854104 0.8500506585612969 0.060790273556231005 0.05268490374873354
0 0.21631205673758866 0.903242147922999 0.08409321175278622 0.06990881458966565
0 0.30851063829787234 0.767983789260385 0.07396149949341439 0.06889564336372847
0 0.5379939209726444 0.6671732522796353 0.06889564336372847 0.05369807497467072
0 0.49442755825734547 0.7720364741641338 0.08915906788247213 0.0729483282674772
0 0.5146909827760892 0.5131712259371833 0.040526849037487336 0.047619047619047616
0 0.8971631205673759 0.425531914893617 0.06382978723404255 0.06484295845997974
0 0.1636271529888551 0.09979736575481256 0.04964539007092199 0.06382978723404255
0 0.27102330293819654 0.303951367781155 0.0800405268490375 0.06281661600810537
0 0.5577507598784195 0.8009118541033434 0.0800405268490375 0.057750759878419454
0 0.07244174265450862 0.5734549138804458 0.05977710233029382 0.06281661600810537
0 0.19807497467071936 0.2684903748733536 0.06382978723404255 0.05065856129685917
0 0.5116514690982776 0.17325227963525835 0.060790273556231005 0.05876393110435663
0 0.6220871327254306 0.4072948328267477 0.0729483282674772 0.0911854103343465
0 0.7978723404255319 0.13272543059777103 0.05977710233029382 0.06484295845997974
0 0.7147922998986829 0.32573454913880445 0.047619047619047616 0.06990881458966565
0 0.8282674772036475 0.21073961499493415 0.04964539007092199 0.07497467071935157
0 0.5476190476190477 0.29027355623100304 0.08409321175278622 0.06990881458966565
0 0.5972644376899696 0.037993920972644375 0.06990881458966565 0.06382978723404255
0 0.9675785207700102 0.14488348530901723 0.0547112462006079 0.07700101317122594
0 0.4002026342451874 0.0486322188449848 0.06281661600810537 0.05876393110435663
0 0.6585612968591692 0.18085106382978725 0.06281661600810537 0.05369807497467072
0 0.475177304964539 0.05825734549138804 0.06281661600810537 0.10435663627152988
0 0.9508611955420466 0.45896656534954405 0.06180344478216818 0.07092198581560284
0 0.30547112462006076 0.06990881458966565 0.06585612968591692 0.07497467071935157
0 0.11398176291793313 0.27102330293819654 0.06585612968591692 0.047619047619047616
0 0.2001013171225937 0.5516717325227963 0.09219858156028368 0.08611955420466058
0 0.756838905775076 0.41691995947315097 0.05268490374873354 0.0800405268490375
0 0.7740628166160081 0.8606889564336373 0.05876393110435663 0.05167173252279635
0 0.8125633232016211 0.9194528875379939 0.06281661600810537 0.06180344478216818
0 0.74822695035461 0.28976697061803447 0.04356636271529889 0.0547112462006079
0 0.5759878419452887 0.6119554204660588 0.06180344478216818 0.0668693009118541
0 0.46048632218844987 0.5015197568389058 0.04154002026342452 0.07497467071935157
0 0.4989868287740628 0.4432624113475177 0.047619047619047616 0.04356636271529889
0 0.43465045592705165 0.8814589665653495 0.08915906788247213 0.05268490374873354
0 0.6828774062816616 0.9017223910840932 0.0668693009118541 0.0486322188449848
0 0.6813576494427558 0.41286727456940225 0.03951367781155015 0.10233029381965553
0 0.8850050658561297 0.5035460992907801 0.06788247213779129 0.0790273556231003
0 0.7654508611955421 0.6595744680851063 0.0800405268490375 0.07700101317122594
0 0.8809523809523809 0.7821681864235056 0.0800405268490375 0.0851063829787234
0 0.05369807497467072 0.8049645390070922 0.05268490374873354 0.05977710233029382
0 0.3343465045592705 0.19908814589665655 0.03850050658561297 0.06382978723404255
0 0.9381965552178319 0.37031408308004055 0.07497467071935157 0.07193515704154002
0 0.414387031408308 0.7537993920972644 0.0547112462006079 0.05268490374873354
0 0.8971631205673759 0.1514690982776089 0.05167173252279635 0.09017223910840932
0 0.26646403242147926 0.42806484295846 0.0486322188449848 0.04964539007092199
0 0.07801418439716312 0.45390070921985815 0.05268490374873354 0.0547112462006079
0 0.3525835866261398 0.05521783181357649 0.044579533941236066 0.06585612968591692
0 0.9113475177304965 0.08611955420466058 0.05977710233029382 0.06889564336372847
0 0.43465045592705165 0.3774062816616008 0.044579533941236066 0.05369807497467072