0 0.7674772036474165 0.08105369807497467 0.05572441742654509 0.06484295845997974
0 0.9067882472137792 0.07852077001013172 0.05673758865248227 0.07193515704154002
0 0.7087132725430598 0.709726443768997 0.07801418439716312 0.06585612968591692
0 0.5506585612968592 0.6722391084093212 0.06990881458966565 0.06585612968591692
0 0.4766970618034448 0.7340425531914894 0.047619047619047616 0.09017223910840932
0 0.3910840932117528 0.7730496453900709 0.07497467071935157 0.05876393110435663
0 0.6752786220871327 0.05876393110435663 0.07598784194528875 0.0668693009118541
0 0.06231003039513678 0.3556231003039514 0.07193515704154002 0.0486322188449848
0 0.6023302938196555 0.09422492401215805 0.06788247213779129 0.0729483282674772
0 0.14893617021276595 0.7786220871327254 0.04660587639311044 0.04154002026342452
0 0.9022289766970618 0.5238095238095238 0.12462006079027356 0.04660587639311044
0 0.44224924012158057 0.42502532928064846 0.057750759878419454 0.057750759878419454
0 0.5005065856129686 0.3829787234042553 0.05673758865248227 0.05673758865248227
0 0.24822695035460993 0.37487335359675783 0.0790273556231003 0.04660587639311044
0 0.04812563323201621 0.524822695035461 0.05977710233029382 0.08105369807497467
0 0.41286727456940225 0.8140830800405269 0.07193515704154002 0.05167173252279635
0 0.20618034447821681 0.7335359675785208 0.07801418439716312 0.04660587639311044
0 0.13019250253292808 0.8378926038500507 0.05977710233029382 0.0486322188449848
0 0.09371833839918946 0.4837892603850051 0.057750759878419454 0.05369807497467072
0 0.1337386018237082 0.3454913880445795 0.04660587639311044 0.06281661600810537
0 0.20618034447821681 0.3262411347517731 0.06585612968591692 0.03242147922998987
0 0.037487335359675786 0.25177304964539005 0.06281661600810537 0.04559270516717325
0 0.11702127659574468 0.18743667679837892 0.05572441742654509 0.044579533941236066
0 0.5400202634245187 0.9042553191489362 0.0547112462006079 0.05977710233029382
0 0.47112462006079026 0.7978723404255319 0.0547112462006079 0.04154002026342452
0 0.5997973657548126 0.9027355623100304 0.04660587639311044 0.0668693009118541
0 0.6818642350557245 0.9457953394123607 0.05876393110435663 0.04559270516717325
0 0.8145896656534954 0.6702127659574468 0.05673758865248227 0.05369807497467072
0 0.38703140830800403 0.25227963525835867 0.0486322188449848 0.05673758865248227
0 0.17375886524822695 0.9457953394123607 0.05572441742654509 0.05369807497467072
0 0.11144883485309018 0.720871327254306 0.0486322188449848 0.04356636271529889
0 0.3404255319148936 0.5638297872340425 0.0364741641337386 0.04154002026342452
0 0.3383991894630192 0.6220871327254306 0.0486322188449848 0.0364741641337386
0 0.4341438703140831 0.12462006079027356 0.05572441742654509 0.04660587639311044
0 0.5086119554204661 0.03850050658561297 0.0486322188449848 0.04660587639311044
0 0.22897669706180346 0.8130699088145896 0.05876393110435663 0.04559270516717325
0 0.2907801418439716 0.8581560283687943 0.05065856129685917 0.04660587639311044
0 0.1474164133738602 0.6555217831813577 0.04559270516717325 0.05065856129685917
0 0.19908814589665655 0.8875379939209727 0.04559270516717325 0.0486322188449848