0 0.49949341438703143 0.38247213779128675 0.07497467071935157 0.06788247213779129
0 0.47011144883485306 0.2684903748733536 0.05673758865248227 0.0729483282674772
0 0.25987841945288753 0.5516717325227963 0.057750759878419454 0.0800405268490375
0 0.05521783181357649 0.5658561296859169 0.09017223910840932 0.06990881458966565
0 0.414387031408308 0.0977710233029382 0.0790273556231003 0.07598784194528875
0 0.42350557244174264 0.2867274569402229 0.06889564336372847 0.05268490374873354
0 0.878419452887538 0.4579533941236069 0.0790273556231003 0.0729483282674772
0 0.1393110435663627 0.6879432624113475 0.07598784194528875 0.0486322188449848
0 0.26038500506585616 0.2917933130699088 0.09929078014184398 0.05673758865248227
0 0.34194528875379937 0.6200607902735562 0.057750759878419454 0.08713272543059777
0 0.2826747720364742 0.621580547112462 0.0547112462006079 0.05167173252279635
0 0.10840932117527863 0.8237082066869301 0.0911854103343465 0.05268490374873354
0 0.29635258358662614 0.7659574468085106 0.08206686930091185 0.060790273556231005
0 0.5921985815602837 0.375886524822695 0.07396149949341439 0.07092198581560284
0 0.7386018237082067 0.35511651469098277 0.08713272543059777 0.08814589665653495
0 0.6514690982776089 0.6610942249240122 0.06281661600810537 0.057750759878419454
0 0.37436676798378926 0.96403242147923 0.09625126646403243 0.06382978723404255
0 0.2016210739614995 0.1094224924012158 0.07497467071935157 0.060790273556231005
0 0.3282674772036474 0.3009118541033435 0.05268490374873354 0.06889564336372847
0 0.5648429584599798 0.5805471124620061 0.05167173252279635 0.0911854103343465
0 0.47112462006079026 0.05521783181357649 0.06281661600810537 0.05167173252279635