0 0.5364741641337386 0.5572441742654508 0.05369807497467072 0.06484295845997974
0 0.07497467071935157 0.8718338399189463 0.044579533941236066 0.05167173252279635
0 0.21732522796352582 0.8252279635258358 0.07598784194528875 0.06180344478216818
0 0.9265450861195542 0.3774062816616008 0.12259371833839919 0.06585612968591692
0 0.8834853090172239 0.3140830800405269 0.06889564336372847 0.0911854103343465
0 0.9376899696048632 0.20871327254305977 0.10233029381965553 0.0851063829787234
0 0.5845997973657548 0.41084093211752787 0.0729483282674772 0.09625126646403243
0 0.5303951367781155 0.4316109422492401 0.09219858156028368 0.0729483282674772
0 0.5739614994934144 0.2978723404255319 0.06788247213779129 0.11347517730496454
0 0.3728470111448835 0.2933130699088146 0.08105369807497467 0.0800405268490375
0 0.23404255319148937 0.37639311043566365 0.06484295845997974 0.09625126646403243
0 0.031408308004052685 0.4797365754812563 0.0486322188449848 0.07801418439716312
0 0.8221884498480243 0.32269503546099293 0.06788247213779129 0.09219858156028368
0 0.6372847011144883 0.11448834853090173 0.11144883485309018 0.06281661600810537
0 0.18085106382978725 0.4594731509625127 0.07598784194528875 0.06180344478216818
0 0.3713272543059777 0.7755825734549139 0.09422492401215805 0.07396149949341439
0 0.4204660587639311 0.8576494427558258 0.08308004052684904 0.05572441742654509
0 0.41185410334346506 0.9457953394123607 0.08206686930091185 0.05572441742654509
0 0.1469098277608916 0.8353596757852076 0.05268490374873354 0.05572441742654509
0 0.16109422492401215 0.6930091185410334 0.06889564336372847 0.060790273556231005
0 0.41134751773049644 0.7340425531914894 0.06889564336372847 0.06788247213779129
0 0.44224924012158057 0.315096251266464 0.05572441742654509 0.04660587639311044
0 0.6960486322188449 0.2259371833839919 0.044579533941236066 0.06281661600810537
0 0.7441742654508612 0.2689969604863222 0.05572441742654509 0.08814589665653495
0 0.7710233029381965 0.2948328267477204 0.060790273556231005 0.09321175278622088
0 0.9437689969604863 0.11904761904761904 0.09017223910840932 0.0800405268490375
0 0.5673758865248227 0.6210739614994935 0.040526849037487336 0.0486322188449848
0 0.3834853090172239 0.4625126646403242 0.09017223910840932 0.0800405268490375
0 0.25227963525835867 0.78419452887538 0.07700101317122594 0.05268490374873354
0 0.4463019250253293 0.6246200607902735 0.07396149949341439 0.057750759878419454
0 0.5572441742654508 0.17477203647416414 0.07497467071935157 0.057750759878419454
0 0.5840932117527862 0.9539007092198581 0.057750759878419454 0.06585612968591692