0 0.06636271529888552 0.11499493414387031 0.04559270516717325 0.06382978723404255
0 0.21631205673758866 0.05167173252279635 0.11651469098277609 0.0486322188449848
0 0.32016210739615 0.04154002026342452 0.034447821681864235 0.04660587639311044
0 0.3819655521783181 0.23606889564336372 0.0790273556231003 0.060790273556231005
0 0.29736575481256333 0.24822695035460993 0.10435663627152988 0.0668693009118541
0 0.13120567375886524 0.28368794326241137 0.05572441742654509 0.06484295845997974
0 0.08054711246200608 0.3515704154002026 0.057750759878419454 0.0486322188449848
0 0.044072948328267476 0.3941236068895643 0.04356636271529889 0.040526849037487336
0 0.5572441742654508 0.3171225937183384 0.11347517730496454 0.0547112462006079
0 0.49746707193515705 0.3961499493414387 0.0668693009118541 0.07092198581560284
0 0.41236068895643363 0.3774062816616008 0.09523809523809523 0.06382978723404255
0 0.24417426545086118 0.6165146909827761 0.0790273556231003 0.06382978723404255
0 0.31864235055724416 0.6225937183383992 0.05572441742654509 0.06990881458966565
0 0.4837892603850051 0.4564336372847011 0.08206686930091185 0.05167173252279635
0 0.3971631205673759 0.4655521783181358 0.0790273556231003 0.0800405268490375
0 0.6479229989868288 0.27608915906788245 0.04964539007092199 0.04559270516717325
0 0.7897669706180345 0.2745694022289767 0.11043566362715299 0.06484295845997974
0 0.9164133738601824 0.20466058763931105 0.06382978723404255 0.05268490374873354
0 0.7963525835866262 0.04812563323201621 0.07092198581560284 0.06990881458966565
0 0.6762917933130699 0.1458966565349544 0.05572441742654509 0.0668693009118541
0 0.8338399189463019 0.10790273556231003 0.0972644376899696 0.07396149949341439
0 0.9300911854103343 0.08308004052684904 0.060790273556231005 0.0547112462006079
0 0.9650455927051672 0.10030395136778116 0.06382978723404255 0.07092198581560284
0 0.9214792299898683 0.0364741641337386 0.07396149949341439 0.0547112462006079
0 0.9027355623100304 0.6109422492401215 0.0486322188449848 0.06484295845997974
0 0.2198581560283688 0.2978723404255319 0.06281661600810537 0.05065856129685917
0 0.3576494427558257 0.16767983789260385 0.0668693009118541 0.06180344478216818
0 0.3475177304964539 0.10081053698074975 0.0729483282674772 0.04154002026342452
0 0.6210739614994935 0.10587639311043566 0.0851063829787234 0.06382978723404255
0 0.541033434650456 0.23860182370820668 0.06889564336372847 0.07396149949341439
0 0.7178318135764944 0.06990881458966565 0.06990881458966565 0.05268490374873354
0 0.8495440729483282 0.5810536980749746 0.05977710233029382 0.04559270516717325
0 0.12158054711246201 0.15602836879432624 0.05876393110435663 0.0547112462006079
0 0.24468085106382978 0.44376899696048633 0.037487335359675786 0.044579533941236066
0 0.7715298885511651 0.3383991894630192 0.06990881458966565 0.0486322188449848
0 0.6458966565349544 0.3850050658561297 0.037487335359675786 0.05673758865248227
0 0.2755825734549139 0.6737588652482269 0.07700101317122594 0.05268490374873354
0 0.27811550151975684 0.7031408308004052 0.06585612968591692 0.040526849037487336
0 0.15552178318135765 0.952887537993921 0.07801418439716312 0.04559270516717325
0 0.3637284701114488 0.9270516717325228 0.060790273556231005 0.09321175278622088
0 0.4625126646403242 0.7021276595744681 0.08206686930091185 0.0486322188449848
0 0.15653495440729484 0.6722391084093212 0.04559270516717325 0.037487335359675786
0 0.3100303951367781 0.9361702127659575 0.05065856129685917 0.05065856129685917