0 0.30141843971631205 0.04508611955420466 0.07801418439716312 0.08206686930091185
0 0.27001013171225935 0.0851063829787234 0.08409321175278622 0.0790273556231003
0 0.4447821681864235 0.17983789260385005 0.06484295845997974 0.05977710233029382
0 0.2375886524822695 0.24366767983789261 0.05572441742654509 0.06180344478216818
0 0.2740628166160081 0.23049645390070922 0.05167173252279635 0.06788247213779129
0 0.47315096251266464 0.11499493414387031 0.06484295845997974 0.04154002026342452
0 0.6048632218844985 0.4341438703140831 0.0790273556231003 0.06585612968591692
0 0.6403242147923 0.4017223910840932 0.06484295845997974 0.05167173252279635
0 0.29432624113475175 0.6023302938196555 0.05977710233029382 0.08814589665653495
0 0.1281661600810537 0.6864235055724417 0.05572441742654509 0.03951367781155015
0 0.08611955420466058 0.7127659574468085 0.06889564336372847 0.05977710233029382
0 0.24164133738601823 0.9133738601823708 0.07801418439716312 0.05572441742654509
0 0.40628166160081053 0.9103343465045592 0.04660587639311044 0.05572441742654509
0 0.48733535967578523 0.8738601823708206 0.07092198581560284 0.05977710233029382
0 0.745694022289767 0.898176291793313 0.05876393110435663 0.05977710233029382
0 0.16210739614994935 0.14792299898682879 0.08105369807497467 0.0729483282674772
0 0.630192502532928 0.09929078014184398 0.11550151975683891 0.0729483282674772
0 0.9447821681864235 0.8910840932117527 0.07801418439716312 0.04964539007092199
0 0.9179331306990881 0.9407294832826748 0.0729483282674772 0.06585612968591692
0 0.085612968591692 0.9159067882472138 0.06788247213779129 0.05268490374873354
0 0.3343465045592705 0.8860182370820668 0.05876393110435663 0.04559270516717325
0 0.054204660587639314 0.22745694022289767 0.08814589665653495 0.05572441742654509
0 0.3900709219858156 0.19858156028368795 0.0547112462006079 0.06484295845997974
0 0.5866261398176292 0.23049645390070922 0.0486322188449848 0.03546099290780142
0 0.5602836879432624 0.25278622087132724 0.0425531914893617 0.04356636271529889
0 0.19351570415400202 0.6367781155015197 0.06889564336372847 0.05977710233029382
0 0.08865248226950355 0.6595744680851063 0.05977710233029382 0.05876393110435663
0 0.6261398176291794 0.20820668693009117 0.08105369807497467 0.06990881458966565
0 0.1540020263424519 0.06382978723404255 0.11347517730496454 0.0851063829787234
0 0.6236068895643364 0.3044579533941236 0.12664640324214793 0.04559270516717325