0 0.25329280648429586 0.22239108409321176 0.04660587639311044 0.04559270516717325
0 0.29736575481256333 0.23049645390070922 0.04559270516717325 0.05572441742654509
0 0.034447821681864235 0.031914893617021274 0.0547112462006079 0.057750759878419454
0 0.41185410334346506 0.03546099290780142 0.07598784194528875 0.04660587639311044
0 0.3211752786220871 0.364741641337386 0.0425531914893617 0.0364741641337386
0 0.375886524822695 0.3774062816616008 0.0729483282674772 0.08206686930091185
0 0.46504559270516715 0.3029381965552178 0.0790273556231003 0.0851063829787234
0 0.5395136778115501 0.13120567375886524 0.05572441742654509 0.0800405268490375
0 0.5906788247213779 0.11246200607902736 0.0425531914893617 0.05876393110435663
0 0.5623100303951368 0.05065856129685917 0.0547112462006079 0.05268490374873354
0 0.8763931104356636 0.06180344478216818 0.05876393110435663 0.060790273556231005
0 0.516210739614995 0.42451874366767983 0.08611955420466058 0.04660587639311044
0 0.33485309017223913 0.4898682877406282 0.06990881458966565 0.05572441742654509
0 0.36119554204660587 0.5845997973657548 0.04964539007092199 0.0486322188449848
0 0.30344478216818643 0.6155015197568389 0.06990881458966565 0.04559270516717325
0 0.05167173252279635 0.8774062816616008 0.0486322188449848 0.0668693009118541
0 0.5379939209726444 0.7137791286727457 0.05268490374873354 0.04356636271529889
0 0.6033434650455927 0.6940222897669707 0.06788247213779129 0.0729483282674772
0 0.5547112462006079 0.9159067882472138 0.057750759878419454 0.04660587639311044
0 0.6616008105369807 0.916919959473151 0.07700101317122594 0.07092198581560284
0 0.47619047619047616 0.544579533941236 0.05268490374873354 0.037487335359675786
0 0.2077001013171226 0.5263424518743668 0.0547112462006079 0.04964539007092199
0 0.16261398176291794 0.8515704154002026 0.05572441742654509 0.06990881458966565
0 0.34498480243161095 0.27811550151975684 0.06788247213779129 0.05572441742654509
0 0.4138804457953394 0.9432624113475178 0.057750759878419454 0.0486322188449848
0 0.6423505572441742 0.7943262411347518 0.0668693009118541 0.11752786220871327
0 0.2512664640324215 0.7892603850050659 0.0668693009118541 0.05876393110435663
0 0.817629179331307 0.1276595744680851 0.060790273556231005 0.05673758865248227
0 0.7978723404255319 0.07092198581560284 0.05369807497467072 0.05065856129685917
0 0.903242147922999 0.21681864235055726 0.06180344478216818 0.05876393110435663
0 0.9665653495440729 0.3789260385005066 0.060790273556231005 0.060790273556231005
0 0.6058763931104356 0.9483282674772037 0.07700101317122594 0.09523809523809523
0 0.5618034447821681 0.8470111448834853 0.07396149949341439 0.06889564336372847
0 0.4979736575481256 0.7391084093211753 0.06382978723404255 0.09827760891590678
0 0.47821681864235055 0.8201621073961499 0.07700101317122594 0.07801418439716312
0 0.1540020263424519 0.9645390070921985 0.05065856129685917 0.05065856129685917
0 0.4072948328267477 0.43667679837892603 0.05268490374873354 0.05673758865248227
0 0.1408308004052685 0.04711246200607903 0.07497467071935157 0.07396149949341439
0 0.8926038500506586 0.6925025329280649 0.05876393110435663 0.03546099290780142