0 0.05065856129685917 0.0364741641337386 0.07092198581560284 0.0486322188449848
0 0.057244174265450865 0.33282674772036475 0.07598784194528875 0.06180344478216818
0 0.07649442755825735 0.23809523809523808 0.07396149949341439 0.0668693009118541
0 0.27203647416413373 0.4321175278622087 0.07396149949341439 0.06788247213779129
0 0.3140830800405269 0.7006079027355623 0.06484295845997974 0.06788247213779129
0 0.378419452887538 0.770516717325228 0.06382978723404255 0.06180344478216818
0 0.36423505572441744 0.8348530901722391 0.06788247213779129 0.0547112462006079
0 0.3505572441742654 0.6225937183383992 0.0668693009118541 0.057750759878419454
0 0.2907801418439716 0.5881458966565349 0.0547112462006079 0.06382978723404255
0 0.28216818642350555 0.20415400202634246 0.09219858156028368 0.06990881458966565
0 0.3718338399189463 0.25937183383991896 0.07700101317122594 0.08915906788247213
0 0.3708206686930091 0.160081053698075 0.10131712259371833 0.06484295845997974
0 0.34194528875379937 0.07092198581560284 0.05572441742654509 0.0425531914893617
0 0.4219858156028369 0.0800405268490375 0.07396149949341439 0.0668693009118541
0 0.524822695035461 0.16717325227963525 0.0790273556231003 0.04660587639311044
0 0.5460992907801419 0.085612968591692 0.08308004052684904 0.0800405268490375
0 0.6413373860182371 0.12613981762917933 0.09523809523809523 0.057750759878419454
0 0.7244174265450861 0.12715298885511653 0.06484295845997974 0.05167173252279635
0 0.756838905775076 0.17882472137791286 0.05876393110435663 0.04559270516717325
0 0.7669706180344478 0.3282674772036474 0.09523809523809523 0.07700101317122594
0 0.6940222897669707 0.2077001013171226 0.060790273556231005 0.0364741641337386
0 0.7877406281661601 0.23505572441742653 0.06382978723404255 0.040526849037487336
0 0.7725430597771024 0.05623100303951368 0.08206686930091185 0.04964539007092199
0 0.477710233029382 0.3779128672745694 0.07396149949341439 0.04660587639311044
0 0.7036474164133738 0.5612968591691996 0.05572441742654509 0.06484295845997974
0 0.9336372847011145 0.378419452887538 0.10030395136778116 0.06382978723404255
0 0.8794326241134752 0.31357649442755825 0.06484295845997974 0.06382978723404255
0 0.75177304964539 0.49037487335359675 0.09321175278622088 0.044579533941236066
0 0.7917933130699089 0.5192502532928065 0.06180344478216818 0.04356636271529889
0 0.7776089159067883 0.4098277608915907 0.08611955420466058 0.04559270516717325
0 0.17477203647416414 0.037487335359675786 0.06180344478216818 0.05065856129685917
0 0.23708206686930092 0.2745694022289767 0.07497467071935157 0.06889564336372847
0 0.6808510638297872 0.32168186423505574 0.07092198581560284 0.09625126646403243
0 0.5212765957446809 0.23454913880445796 0.06180344478216818 0.06382978723404255
0 0.583080040526849 0.028368794326241134 0.10233029381965553 0.05065856129685917
0 0.4630192502532928 0.09878419452887538 0.0486322188449848 0.05572441742654509
0 0.9346504559270516 0.29027355623100304 0.047619047619047616 0.047619047619047616
0 0.6869300911854104 0.07244174265450862 0.0729483282674772 0.04356636271529889
0 0.4569402228976697 0.2862208713272543 0.044579533941236066 0.05572441742654509
0 0.13171225937183384 0.42907801418439717 0.060790273556231005 0.05369807497467072
0 0.09371833839918946 0.610435663627153 0.06585612968591692 0.05369807497467072
0 0.22340425531914893 0.729483282674772 0.047619047619047616 0.05673758865248227
0 0.3242147922998987 0.7796352583586627 0.05268490374873354 0.07801418439716312
0 0.19098277608915906 0.8485309017223911 0.05572441742654509 0.05369807497467072
0 0.33485309017223913 0.9351570415400202 0.06180344478216818 0.05268490374873354
0 0.6276595744680851 0.869807497467072 0.06180344478216818 0.05572441742654509
0 0.6134751773049646 0.939209726443769 0.047619047619047616 0.0486322188449848
0 0.6884498480243161 0.8338399189463019 0.047619047619047616 0.060790273556231005
0 0.6109422492401215 0.6068895643363729 0.06889564336372847 0.05065856129685917
0 0.4376899696048632 0.5851063829787234 0.0851063829787234 0.06180344478216818
0 0.8591691995947315 0.5648429584599798 0.07497467071935157 0.05369807497467072
0 0.8414387031408308 0.3044579533941236 0.06585612968591692 0.09017223910840932
0 0.9625126646403243 0.196048632218845 0.06889564336372847 0.06180344478216818
0 0.9311043566362716 0.08915906788247213 0.07497467071935157 0.05065856129685917
0 0.894630192502533 0.6808510638297872 0.08308004052684904 0.05065856129685917
0 0.8936170212765957 0.44832826747720367 0.060790273556231005 0.037487335359675786
0 0.5167173252279635 0.9316109422492401 0.0668693009118541 0.06990881458966565
0 0.7629179331306991 0.9397163120567376 0.07497467071935157 0.05572441742654509
0 0.9154002026342452 0.9721377912867275 0.05977710233029382 0.05167173252279635