0 0.08054711246200608 0.044579533941236066 0.10435663627152988 0.06484295845997974
0 0.19807497467071936 0.036980749746707196 0.10233029381965553 0.06180344478216818
0 0.06636271529888552 0.09473150962512665 0.04964539007092199 0.04356636271529889
0 0.1474164133738602 0.12259371833839919 0.06788247213779129 0.0364741641337386
0 0.17375886524822695 0.22695035460992907 0.06585612968591692 0.06281661600810537
0 0.14893617021276595 0.32168186423505574 0.06889564336372847 0.05572441742654509
0 0.19807497467071936 0.3292806484295846 0.05167173252279635 0.06484295845997974
0 0.3262411347517731 0.34701114488348533 0.06889564336372847 0.05977710233029382
0 0.23556231003039513 0.22745694022289767 0.05977710233029382 0.06180344478216818
0 0.10131712259371833 0.39969604863221886 0.05268490374873354 0.03951367781155015
0 0.24417426545086118 0.36322188449848025 0.06889564336372847 0.05167173252279635
0 0.549645390070922 0.522289766970618 0.11448834853090173 0.11448834853090173
0 0.6231003039513677 0.6453900709219859 0.11347517730496454 0.08105369807497467
0 0.7163120567375887 0.48226950354609927 0.0729483282674772 0.06281661600810537
0 0.6590678824721378 0.4270516717325228 0.10233029381965553 0.07801418439716312
0 0.6266464032421479 0.45997973657548125 0.07598784194528875 0.05876393110435663
0 0.8363728470111449 0.4447821681864235 0.057750759878419454 0.0851063829787234
0 0.8409321175278622 0.5648429584599798 0.0790273556231003 0.04964539007092199
0 0.6605876393110436 0.7249240121580547 0.0547112462006079 0.057750759878419454
0 0.7066869300911854 0.6448834853090172 0.06585612968591692 0.09827760891590678
0 0.709726443768997 0.8140830800405269 0.12056737588652482 0.09827760891590678
0 0.6894630192502533 0.11854103343465046 0.04356636271529889 0.06281661600810537
0 0.40070921985815605 0.6003039513677811 0.057750759878419454 0.05167173252279635
0 0.0911854103343465 0.21732522796352582 0.0729483282674772 0.04964539007092199
0 0.6514690982776089 0.028368794326241134 0.0729483282674772 0.0364741641337386
0 0.7421479229989868 0.03242147922998987 0.03546099290780142 0.03850050658561297
0 0.8556231003039514 0.7522796352583586 0.08409321175278622 0.12664640324214793
0 0.44782168186423504 0.5906788247213779 0.0364741641337386 0.0851063829787234
0 0.5678824721377913 0.24670719351570417 0.08206686930091185 0.08409321175278622