0 0.7806484295845998 0.4316109422492401 0.07598784194528875 0.0668693009118541
0 0.04964539007092199 0.40526849037487334 0.060790273556231005 0.07092198581560284
0 0.2259371833839919 0.6590678824721378 0.05876393110435663 0.07598784194528875
0 0.17882472137791286 0.806484295845998 0.057750759878419454 0.060790273556231005
0 0.4412360688956434 0.32168186423505574 0.08206686930091185 0.06180344478216818
0 0.20466058763931105 0.5754812563323202 0.0851063829787234 0.0364741641337386
0 0.041033434650455926 0.475177304964539 0.05977710233029382 0.08308004052684904
0 0.5481256332320162 0.389564336372847 0.05268490374873354 0.08206686930091185
0 0.6691995947315096 0.6747720364741642 0.06788247213779129 0.0911854103343465
0 0.2993920972644377 0.15704154002026344 0.06585612968591692 0.0486322188449848
0 0.2750759878419453 0.08713272543059777 0.06585612968591692 0.06281661600810537
0 0.1590678824721378 0.439209726443769 0.044579533941236066 0.05977710233029382
0 0.30547112462006076 0.39463019250253295 0.04964539007092199 0.04356636271529889
0 0.4204660587639311 0.914387031408308 0.07092198581560284 0.05977710233029382
0 0.3839918946301925 0.0795339412360689 0.044579533941236066 0.03951367781155015
0 0.4376899696048632 0.37943262411347517 0.0486322188449848 0.04154002026342452
0 0.425531914893617 0.42806484295846 0.044579533941236066 0.057750759878419454