0 0.20820668693009117 0.24822695035460993 0.06788247213779129 0.0790273556231003
0 0.25177304964539005 0.160081053698075 0.09422492401215805 0.08308004052684904
0 0.30851063829787234 0.522289766970618 0.06788247213779129 0.06788247213779129
0 0.3844984802431611 0.5780141843971631 0.07598784194528875 0.06180344478216818
0 0.04204660587639311 0.9204660587639311 0.07598784194528875 0.06788247213779129
0 0.461499493414387 0.8363728470111449 0.09827760891590678 0.07598784194528875
0 0.6914893617021277 0.8282674772036475 0.06180344478216818 0.10435663627152988
0 0.5597771023302939 0.5729483282674772 0.05572441742654509 0.06382978723404255
0 0.583080040526849 0.4746707193515704 0.08206686930091185 0.08611955420466058
0 0.3617021276595745 0.4716312056737589 0.06484295845997974 0.05167173252279635
0 0.7644376899696048 0.44883485309017224 0.04964539007092199 0.0547112462006079
0 0.8353596757852076 0.4083080040526849 0.04356636271529889 0.05268490374873354
0 0.8201621073961499 0.24164133738601823 0.08814589665653495 0.11651469098277609
0 0.7350557244174265 0.06636271529888552 0.08611955420466058 0.08814589665653495
0 0.4017223910840932 0.11246200607902736 0.06382978723404255 0.0729483282674772
0 0.33586626139817627 0.24569402228976697 0.09827760891590678 0.10030395136778116
0 0.24113475177304963 0.029381965552178316 0.07092198581560284 0.04660587639311044
0 0.2066869300911854 0.0547112462006079 0.0911854103343465 0.07700101317122594
0 0.13272543059777103 0.8105369807497467 0.05268490374873354 0.0486322188449848
0 0.2137791286727457 0.6960486322188449 0.060790273556231005 0.07092198581560284
0 0.6671732522796353 0.040526849037487336 0.07598784194528875 0.0729483282674772
0 0.25177304964539005 0.2695035460992908 0.057750759878419454 0.0668693009118541
0 0.16717325227963525 0.18439716312056736 0.06484295845997974 0.05876393110435663
0 0.02684903748733536 0.09929078014184398 0.04964539007092199 0.0790273556231003
0 0.684903748733536 0.3779128672745694 0.060790273556231005 0.05268490374873354
0 0.9067882472137792 0.4402228976697062 0.0486322188449848 0.04964539007092199
0 0.900709219858156 0.853596757852077 0.08713272543059777 0.06382978723404255
0 0.27152988855116517 0.5648429584599798 0.05268490374873354 0.04154002026342452
0 0.8475177304964538 0.6129685916919959 0.0800405268490375 0.05673758865248227
0 0.6854103343465046 0.9452887537993921 0.05977710233029382 0.05673758865248227