0 0.1458966565349544 0.2548125633232016 0.07700101317122594 0.06180344478216818
0 0.13829787234042554 0.5663627152988855 0.06788247213779129 0.0911854103343465
0 0.7289766970618035 0.5562310030395137 0.06180344478216818 0.0851063829787234
0 0.7998986828774063 0.560790273556231 0.07598784194528875 0.10435663627152988
0 0.7897669706180345 0.27203647416413373 0.06990881458966565 0.06788247213779129
0 0.7274569402228976 0.12613981762917933 0.0729483282674772 0.06990881458966565
0 0.5866261398176292 0.2188449848024316 0.0729483282674772 0.09523809523809523
0 0.5121580547112462 0.1413373860182371 0.06382978723404255 0.05572441742654509
0 0.6210739614994935 0.524822695035461 0.0790273556231003 0.040526849037487336
0 0.8647416413373861 0.031914893617021274 0.08611955420466058 0.057750759878419454
0 0.7958459979736575 0.7269503546099291 0.06585612968591692 0.06382978723404255
0 0.9042553191489362 0.6165146909827761 0.06585612968591692 0.06788247213779129
0 0.9635258358662614 0.37031408308004055 0.06281661600810537 0.06382978723404255
0 0.6312056737588653 0.2933130699088146 0.06889564336372847 0.07396149949341439
0 0.6058763931104356 0.37639311043566365 0.05268490374873354 0.07193515704154002
0 0.3323201621073962 0.2750759878419453 0.0547112462006079 0.06788247213779129
0 0.10233029381965553 0.4316109422492401 0.0547112462006079 0.0486322188449848
0 0.3839918946301925 0.5531914893617021 0.0547112462006079 0.04660587639311044
0 0.24974670719351572 0.16717325227963525 0.05572441742654509 0.044579533941236066
0 0.040526849037487336 0.09625126646403243 0.06889564336372847 0.05065856129685917
0 0.41185410334346506 0.13880445795339413 0.0800405268490375 0.05065856129685917