0 0.26393110435663625 0.7446808510638298 0.07396149949341439 0.060790273556231005
0 0.44680851063829785 0.7203647416413373 0.07497467071935157 0.06889564336372847
0 0.20466058763931105 0.7451874366767984 0.044579533941236066 0.05977710233029382
0 0.2011144883485309 0.6651469098277609 0.08409321175278622 0.05977710233029382
0 0.1469098277608916 0.7269503546099291 0.07497467071935157 0.06585612968591692
0 0.547112462006079 0.47315096251266464 0.06889564336372847 0.05876393110435663
0 0.6869300911854104 0.42502532928064846 0.07700101317122594 0.06788247213779129
0 0.6428571428571429 0.6540020263424519 0.057750759878419454 0.057750759878419454
0 0.49746707193515705 0.5729483282674772 0.060790273556231005 0.06585612968591692
0 0.36524822695035464 0.42806484295846 0.08409321175278622 0.06990881458966565
0 0.07598784194528875 0.3434650455927052 0.06484295845997974 0.08713272543059777
0 0.8029381965552178 0.5638297872340425 0.05977710233029382 0.07193515704154002
0 0.24468085106382978 0.5592705167173252 0.057750759878419454 0.06484295845997974
0 0.3941236068895643 0.5101317122593718 0.08713272543059777 0.09422492401215805
0 0.232016210739615 0.4787234042553192 0.07700101317122594 0.06788247213779129
0 0.5253292806484295 0.2907801418439716 0.06585612968591692 0.0425531914893617
0 0.7922998986828774 0.32978723404255317 0.0547112462006079 0.05572441742654509
0 0.6058763931104356 0.14994934143870314 0.06889564336372847 0.07700101317122594
0 0.7152988855116514 0.11803444782168186 0.1033434650455927 0.07193515704154002
0 0.8297872340425532 0.09321175278622088 0.0729483282674772 0.06889564336372847
0 0.5040526849037488 0.11144883485309018 0.05572441742654509 0.0425531914893617
0 0.5947315096251267 0.40070921985815605 0.04660587639311044 0.04154002026342452
0 0.02988855116514691 0.11296859169199595 0.04964539007092199 0.05977710233029382
0 0.3576494427558257 0.1697061803444782 0.0668693009118541 0.06585612968591692
0 0.7760891590678825 0.720871327254306 0.08105369807497467 0.08206686930091185
0 0.8647416413373861 0.3860182370820669 0.08206686930091185 0.0486322188449848
0 0.44376899696048633 0.10486322188449848 0.0668693009118541 0.06382978723404255
0 0.6408308004052685 0.09523809523809523 0.03951367781155015 0.08915906788247213
0 0.41894630192502536 0.1945288753799392 0.06180344478216818 0.0668693009118541
0 0.27912867274569403 0.3728470111448835 0.0800405268490375 0.05268490374873354
0 0.6377912867274569 0.7325227963525835 0.08206686930091185 0.06889564336372847
0 0.24012158054711247 0.8581560283687943 0.07497467071935157 0.07497467071935157
0 0.15045592705167174 0.8708206686930091 0.08206686930091185 0.08814589665653495
0 0.8383991894630193 0.9361702127659575 0.06585612968591692 0.06889564336372847
0 0.6661600810536981 0.6023302938196555 0.06382978723404255 0.057750759878419454
0 0.660081053698075 0.5506585612968592 0.05572441742654509 0.057750759878419454
0 0.12208713272543059 0.577001013171226 0.06788247213779129 0.06585612968591692
0 0.10131712259371833 0.11246200607902736 0.0486322188449848 0.07497467071935157
0 0.7274569402228976 0.342451874366768 0.0547112462006079 0.0547112462006079
0 0.767983789260385 0.4827760891590679 0.05673758865248227 0.05369807497467072