0 0.2375886524822695 0.378419452887538 0.08409321175278622 0.03951367781155015
0 0.36524822695035464 0.1469098277608916 0.07193515704154002 0.06281661600810537
0 0.5177304964539007 0.5298885511651469 0.09523809523809523 0.07497467071935157
0 0.524822695035461 0.6575481256332321 0.08915906788247213 0.05268490374873354
0 0.48024316109422494 0.7958459979736575 0.06484295845997974 0.057750759878419454
0 0.6155015197568389 0.8485309017223911 0.06585612968591692 0.07598784194528875
0 0.7806484295845998 0.7467071935157041 0.08206686930091185 0.08915906788247213
0 0.7710233029381965 0.6352583586626139 0.05268490374873354 0.06281661600810537
0 0.8454913880445796 0.42401215805471126 0.11448834853090173 0.07801418439716312
0 0.6038500506585613 0.6423505572441742 0.0851063829787234 0.08105369807497467
0 0.5592705167173252 0.5861195542046606 0.0972644376899696 0.06180344478216818
0 0.6170212765957447 0.7142857142857143 0.05268490374873354 0.06889564336372847
0 0.29635258358662614 0.331306990881459 0.08206686930091185 0.0486322188449848
0 0.44984802431610943 0.09067882472137791 0.06281661600810537 0.06585612968591692
0 0.22137791286727457 0.24316109422492402 0.08409321175278622 0.0729483282674772
0 0.4387031408308004 0.2811550151975684 0.07497467071935157 0.05977710233029382
0 0.7310030395136778 0.303951367781155 0.057750759878419454 0.06484295845997974
0 0.40476190476190477 0.4037487335359676 0.07193515704154002 0.08814589665653495
0 0.3181357649442756 0.3961499493414387 0.0486322188449848 0.0729483282674772
0 0.33586626139817627 0.6798378926038501 0.05572441742654509 0.06484295845997974
0 0.4381965552178318 0.7284701114488349 0.057750759878419454 0.04660587639311044
0 0.3343465045592705 0.8779128672745694 0.0790273556231003 0.04559270516717325
0 0.11550151975683891 0.506079027355623 0.06889564336372847 0.04559270516717325
0 0.09473150962512665 0.4326241134751773 0.057750759878419454 0.06281661600810537
0 0.08105369807497467 0.3059777102330294 0.06484295845997974 0.03850050658561297
0 0.2796352583586626 0.07750759878419453 0.06281661600810537 0.07598784194528875
0 0.9609929078014184 0.6610942249240122 0.06788247213779129 0.08206686930091185
0 0.9387031408308004 0.9376899696048632 0.05977710233029382 0.05167173252279635
0 0.8794326241134752 0.05319148936170213 0.05876393110435663 0.06180344478216818
0 0.37487335359675783 0.7051671732522796 0.0425531914893617 0.07092198581560284
0 0.24214792299898683 0.6205673758865248 0.10131712259371833 0.08611955420466058
0 0.5192502532928065 0.3525835866261398 0.06180344478216818 0.0729483282674772
0 0.6884498480243161 0.3966565349544073 0.07801418439716312 0.09017223910840932
0 0.7608915906788247 0.9376899696048632 0.07700101317122594 0.09017223910840932
0 0.3353596757852077 0.7816616008105369 0.09929078014184398 0.05977710233029382