0 0.2907801418439716 0.26494427558257344 0.06484295845997974 0.06585612968591692
0 0.5005065856129686 0.32573454913880445 0.1033434650455927 0.06585612968591692
0 0.16261398176291794 0.6965552178318136 0.02735562310030395 0.057750759878419454
0 0.9650455927051672 0.3323201621073962 0.06788247213779129 0.06484295845997974
0 0.4331306990881459 0.3768996960486322 0.06788247213779129 0.0790273556231003
0 0.7593718338399189 0.06940222897669707 0.09827760891590678 0.057750759878419454
0 0.3890577507598784 0.4878419452887538 0.0851063829787234 0.09219858156028368
0 0.3718338399189463 0.7563323201621074 0.0729483282674772 0.05572441742654509
0 0.9346504559270516 0.7244174265450861 0.07801418439716312 0.0972644376899696
0 0.7375886524822695 0.6403242147923 0.08105369807497467 0.05268490374873354
0 0.6109422492401215 0.25430597771023306 0.06281661600810537 0.06484295845997974
0 0.1276595744680851 0.2755825734549139 0.05268490374873354 0.0851063829787234
0 0.2188449848024316 0.40577507598784196 0.0729483282674772 0.057750759878419454
0 0.32472137791286726 0.43110435663627156 0.05977710233029382 0.04356636271529889
0 0.09017223910840932 0.6099290780141844 0.08105369807497467 0.06484295845997974
0 0.1529888551165147 0.8566362715298885 0.0911854103343465 0.06585612968591692
0 0.28216818642350555 0.9483282674772037 0.07193515704154002 0.07497467071935157