0 0.14336372847011145 0.5663627152988855 0.04559270516717325 0.05268490374873354
0 0.2750759878419453 0.5906788247213779 0.06585612968591692 0.06889564336372847
0 0.06940222897669707 0.5749746707193516 0.06382978723404255 0.03546099290780142
0 0.27710233029381964 0.5081053698074974 0.06382978723404255 0.037487335359675786
0 0.7998986828774063 0.34599797365754814 0.04356636271529889 0.04559270516717325
0 0.25227963525835867 0.9321175278622087 0.07497467071935157 0.06281661600810537
0 0.7912867274569402 0.4412360688956434 0.07700101317122594 0.07801418439716312
0 0.6818642350557245 0.5425531914893617 0.07092198581560284 0.05167173252279635
0 0.20314083080040526 0.5891590678824722 0.06585612968591692 0.07396149949341439
0 0.182370820668693 0.6433637284701115 0.09321175278622088 0.040526849037487336
0 0.22289766970618036 0.5207700101317123 0.05268490374873354 0.05268490374873354
0 0.958966565349544 0.8424518743667679 0.07193515704154002 0.0800405268490375
0 0.8449848024316109 0.3768996960486322 0.07497467071935157 0.060790273556231005
0 0.3404255319148936 0.30547112462006076 0.0547112462006079 0.05167173252279635