0 0.5947315096251267 0.13829787234042554 0.0729483282674772 0.06585612968591692
0 0.5455927051671733 0.20516717325227962 0.057750759878419454 0.05572441742654509
0 0.5942249240121581 0.07142857142857142 0.05977710233029382 0.05977710233029382
0 0.6661600810536981 0.44275582573454914 0.057750759878419454 0.06281661600810537
0 0.869807497467072 0.21225937183383992 0.06585612968591692 0.05977710233029382
0 0.09321175278622088 0.577001013171226 0.11347517730496454 0.11043566362715299
0 0.28824721377912865 0.6590678824721378 0.04559270516717325 0.05572441742654509
0 0.5947315096251267 0.7796352583586627 0.08713272543059777 0.09422492401215805
0 0.8333333333333334 0.9270516717325228 0.05977710233029382 0.07092198581560284
0 0.19098277608915906 0.8541033434650456 0.04964539007092199 0.0486322188449848
0 0.35511651469098277 0.7441742654508612 0.07193515704154002 0.05572441742654509
0 0.40577507598784196 0.7674772036474165 0.06585612968591692 0.07598784194528875
0 0.2375886524822695 0.8718338399189463 0.05167173252279635 0.07193515704154002
0 0.5592705167173252 0.30952380952380953 0.0851063829787234 0.04559270516717325
0 0.6155015197568389 0.02684903748733536 0.03951367781155015 0.03343465045592705
0 0.7507598784194529 0.2917933130699088 0.07497467071935157 0.05876393110435663
0 0.1950354609929078 0.5871327254305978 0.07598784194528875 0.07801418439716312
0 0.4594731509625127 0.34093211752786223 0.05167173252279635 0.09625126646403243
0 0.5288753799392097 0.7993920972644377 0.05673758865248227 0.0790273556231003
0 0.8743667679837892 0.08915906788247213 0.08105369807497467 0.05065856129685917
0 0.35106382978723405 0.8667679837892603 0.05572441742654509 0.08206686930091185
0 0.3961499493414387 0.8551165146909828 0.05268490374873354 0.0729483282674772
0 0.5314083080040527 0.85612968591692 0.10030395136778116 0.05268490374873354