0 0.11752786220871327 0.5329280648429585 0.05065856129685917 0.06281661600810537
0 0.12917933130699089 0.5724417426545086 0.05977710233029382 0.03850050658561297
0 0.11955420466058764 0.6185410334346505 0.05268490374873354 0.06788247213779129
0 0.2765957446808511 0.8039513677811551 0.05268490374873354 0.04964539007092199
0 0.1534954407294833 0.477710233029382 0.06382978723404255 0.06585612968591692
0 0.04154002026342452 0.6296859169199595 0.07700101317122594 0.06788247213779129
0 0.07142857142857142 0.05825734549138804 0.06382978723404255 0.06382978723404255
0 0.160081053698075 0.06585612968591692 0.0851063829787234 0.06484295845997974
0 0.33383991894630194 0.8368794326241135 0.07801418439716312 0.0729483282674772
0 0.07244174265450862 0.9376899696048632 0.06585612968591692 0.06180344478216818
0 0.5911854103343465 0.32066869300911854 0.1651469098277609 0.09625126646403243
0 0.20263424518743667 0.621580547112462 0.0547112462006079 0.04964539007092199
0 0.8905775075987842 0.8900709219858156 0.07092198581560284 0.04356636271529889