0 0.40577507598784196 0.39918946301925023 0.0800405268490375 0.0668693009118541
0 0.26545086119554206 0.34295845997973656 0.10131712259371833 0.05572441742654509
0 0.39260385005065856 0.7127659574468085 0.06585612968591692 0.04964539007092199
0 0.33282674772036475 0.7147922998986829 0.057750759878419454 0.057750759878419454
0 0.19199594731509625 0.7674772036474165 0.057750759878419454 0.05572441742654509
0 0.6950354609929078 0.8789260385005065 0.06889564336372847 0.04964539007092199
0 0.4655521783181358 0.8586626139817629 0.06585612968591692 0.047619047619047616
0 0.610435663627153 0.43110435663627156 0.0800405268490375 0.05977710233029382
0 0.7122593718338399 0.1656534954407295 0.07497467071935157 0.09625126646403243
0 0.12664640324214793 0.09067882472137791 0.08915906788247213 0.06585612968591692
0 0.41894630192502536 0.9093211752786221 0.06180344478216818 0.05977710233029382
0 0.2629179331306991 0.889564336372847 0.06990881458966565 0.0425531914893617
0 0.2375886524822695 0.03900709219858156 0.06382978723404255 0.07801418439716312
0 0.574468085106383 0.031914893617021274 0.0729483282674772 0.06180344478216818
0 0.6818642350557245 0.42249240121580545 0.040526849037487336 0.10739614994934144
0 0.09574468085106383 0.5491388044579534 0.05977710233029382 0.07092198581560284
0 0.028368794326241134 0.28926038500506585 0.040526849037487336 0.06788247213779129
0 0.5526849037487336 0.96403242147923 0.04964539007092199 0.04964539007092199
0 0.3774062816616008 0.2066869300911854 0.0800405268490375 0.06281661600810537
0 0.9219858156028369 0.4012158054711246 0.05268490374873354 0.08713272543059777