0 0.7522796352583586 0.19858156028368795 0.06585612968591692 0.05876393110435663
0 0.05319148936170213 0.037487335359675786 0.07193515704154002 0.0547112462006079
0 0.6423505572441742 0.12917933130699089 0.06889564336372847 0.057750759878419454
0 0.9447821681864235 0.25227963525835867 0.09625126646403243 0.0547112462006079
0 0.682370820668693 0.09017223910840932 0.04154002026342452 0.05268490374873354
0 0.9179331306990881 0.057244174265450865 0.060790273556231005 0.04356636271529889
0 0.8617021276595744 0.3708206686930091 0.06382978723404255 0.0547112462006079
0 0.37537993920972645 0.22036474164133737 0.07396149949341439 0.05572441742654509
0 0.6859169199594731 0.21073961499493415 0.0547112462006079 0.0547112462006079
0 0.9088145896656535 0.14944275582573455 0.06889564336372847 0.06382978723404255
0 0.2796352583586626 0.1337386018237082 0.060790273556231005 0.06281661600810537
0 0.20263424518743667 0.6975683890577508 0.07497467071935157 0.07193515704154002