0 0.196048632218845 0.20212765957446807 0.07396149949341439 0.06180344478216818
0 0.2862208713272543 0.30648429584599796 0.057750759878419454 0.057750759878419454
0 0.4022289766970618 0.33383991894630194 0.07092198581560284 0.07396149949341439
0 0.42299898682877407 0.22492401215805471 0.06180344478216818 0.06484295845997974
0 0.5395136778115501 0.08257345491388045 0.09422492401215805 0.06180344478216818
0 0.45288753799392095 0.08156028368794327 0.060790273556231005 0.08814589665653495
0 0.6433637284701115 0.32066869300911854 0.08915906788247213 0.09219858156028368
0 0.5699088145896657 0.40476190476190477 0.04964539007092199 0.06990881458966565
0 0.6408308004052685 0.439209726443769 0.057750759878419454 0.08206686930091185
0 0.10790273556231003 0.513677811550152 0.057750759878419454 0.0547112462006079
0 0.1950354609929078 0.6636271529888551 0.05167173252279635 0.0547112462006079
0 0.2077001013171226 0.7087132725430598 0.0668693009118541 0.03343465045592705
0 0.22289766970618036 0.8414387031408308 0.05268490374873354 0.05167173252279635
0 0.27710233029381964 0.8743667679837892 0.05167173252279635 0.05268490374873354
0 0.29584599797365757 0.9270516717325228 0.0486322188449848 0.0486322188449848
0 0.3951367781155015 0.9336372847011145 0.0547112462006079 0.05167173252279635
0 0.29584599797365757 0.7608915906788247 0.0790273556231003 0.08308004052684904
0 0.36119554204660587 0.6590678824721378 0.0800405268490375 0.07598784194528875
0 0.24417426545086118 0.6342451874366768 0.0851063829787234 0.04660587639311044
0 0.4265450861195542 0.6003039513677811 0.05876393110435663 0.04559270516717325
0 0.6134751773049646 0.6428571428571429 0.07598784194528875 0.06180344478216818
0 0.867274569402229 0.6225937183383992 0.10131712259371833 0.08206686930091185
0 0.8034447821681864 0.71580547112462 0.06484295845997974 0.06788247213779129
0 0.11803444782168186 0.6099290780141844 0.057750759878419454 0.07092198581560284
0 0.36119554204660587 0.48530901722391084 0.05572441742654509 0.0668693009118541
0 0.7315096251266464 0.07041540020263425 0.060790273556231005 0.05572441742654509
0 0.11752786220871327 0.31560283687943264 0.07092198581560284 0.06788247213779129
0 0.5086119554204661 0.461499493414387 0.0729483282674772 0.08814589665653495
0 0.8333333333333334 0.38247213779128675 0.05572441742654509 0.08611955420466058
0 0.7654508611955421 0.6180344478216818 0.06382978723404255 0.07700101317122594
0 0.43465045592705165 0.8844984802431611 0.1094224924012158 0.0486322188449848
0 0.16666666666666666 0.8059777102330293 0.06990881458966565 0.05977710233029382
0 0.09827760891590678 0.22492401215805471 0.09321175278622088 0.05876393110435663
0 0.5709219858156028 0.22745694022289767 0.06585612968591692 0.07801418439716312
0 0.6676798378926039 0.34194528875379937 0.0486322188449848 0.05572441742654509
0 0.7847011144883486 0.0673758865248227 0.05572441742654509 0.05572441742654509
0 0.6494427558257345 0.2001013171225937 0.05673758865248227 0.06382978723404255
0 0.3323201621073962 0.18541033434650456 0.060790273556231005 0.05673758865248227
0 0.09625126646403243 0.040526849037487336 0.05268490374873354 0.0486322188449848
0 0.3566362715298885 0.3242147922998987 0.05268490374873354 0.060790273556231005
0 0.5298885511651469 0.41286727456940225 0.040526849037487336 0.04559270516717325
0 0.5947315096251267 0.5405268490374874 0.05876393110435663 0.06180344478216818
0 0.583080040526849 0.5790273556231003 0.07193515704154002 0.06585612968591692
0 0.6651469098277609 0.5577507598784195 0.06585612968591692 0.05369807497467072
0 0.75177304964539 0.7649442755825735 0.06889564336372847 0.07497467071935157
0 0.8085106382978723 0.15653495440729484 0.060790273556231005 0.03951367781155015
0 0.6864235055724417 0.2573454913880446 0.04559270516717325 0.044579533941236066
0 0.8221884498480243 0.682370820668693 0.06585612968591692 0.06180344478216818
0 0.7122593718338399 0.6160081053698075 0.05876393110435663 0.07497467071935157
0 0.6899696048632219 0.6702127659574468 0.05268490374873354 0.04559270516717325
0 0.30040526849037485 0.4827760891590679 0.05572441742654509 0.05369807497467072
0 0.12462006079027356 0.36119554204660587 0.05268490374873354 0.06585612968591692
0 0.19148936170212766 0.96403242147923 0.06889564336372847 0.03546099290780142
0 0.48733535967578523 0.9199594731509625 0.05876393110435663 0.05268490374873354
0 0.6281661600810537 0.8839918946301925 0.05065856129685917 0.08206686930091185