0 0.5937183383991894 0.6408308004052685 0.05065856129685917 0.07598784194528875
0 0.60790273556231 0.9473150962512664 0.07700101317122594 0.07092198581560284
0 0.6925025329280649 0.6190476190476191 0.09422492401215805 0.05673758865248227
0 0.10233029381965553 0.06332320162107397 0.10739614994934144 0.06382978723404255
0 0.33485309017223913 0.09929078014184398 0.05977710233029382 0.0547112462006079
0 0.7051671732522796 0.2796352583586626 0.0668693009118541 0.06889564336372847
0 0.6155015197568389 0.19959473150962512 0.06788247213779129 0.08713272543059777
0 0.7006079027355623 0.4989868287740628 0.05977710233029382 0.06990881458966565
0 0.12917933130699089 0.8632218844984803 0.09017223910840932 0.0972644376899696
0 0.8404255319148937 0.6691995947315096 0.06585612968591692 0.06382978723404255
0 0.8763931104356636 0.6185410334346505 0.060790273556231005 0.07396149949341439
0 0.23302938196555217 0.4321175278622087 0.07092198581560284 0.05167173252279635
0 0.1636271529888551 0.6195542046605876 0.06382978723404255 0.057750759878419454
0 0.10739614994934144 0.6919959473150963 0.07092198581560284 0.044579533941236066
0 0.45288753799392095 0.6722391084093212 0.09321175278622088 0.05167173252279635
0 0.18490374873353596 0.6534954407294833 0.057750759878419454 0.0364741641337386
0 0.3373860182370821 0.41185410334346506 0.0547112462006079 0.05572441742654509
0 0.5111448834853091 0.8156028368794326 0.05572441742654509 0.0547112462006079
0 0.5896656534954408 0.39311043566362713 0.0486322188449848 0.0547112462006079
0 0.9341438703140831 0.46605876393110435 0.07092198581560284 0.0547112462006079
0 0.4959473150962513 0.07041540020263425 0.06788247213779129 0.05977710233029382
0 0.7198581560283688 0.0668693009118541 0.05977710233029382 0.0790273556231003
0 0.23606889564336372 0.03242147922998987 0.0547112462006079 0.044579533941236066
0 0.6666666666666666 0.5329280648429585 0.06281661600810537 0.08308004052684904
0 0.3059777102330294 0.851063829787234 0.060790273556231005 0.0364741641337386