0 0.48530901722391084 0.033941236068895646 0.06281661600810537 0.05977710233029382
0 0.8444782168186423 0.1752786220871327 0.05572441742654509 0.06889564336372847
0 0.36879432624113473 0.315096251266464 0.0729483282674772 0.0486322188449848
0 0.24670719351570417 0.4579533941236069 0.06382978723404255 0.0547112462006079
0 0.9402228976697061 0.4594731509625127 0.0790273556231003 0.05167173252279635
0 0.9407294832826748 0.6043566362715299 0.08206686930091185 0.05977710233029382
0 0.8353596757852076 0.7978723404255319 0.06990881458966565 0.06180344478216818
0 0.07446808510638298 0.7750759878419453 0.05572441742654509 0.04660587639311044
0 0.04204660587639311 0.27760891590678827 0.04154002026342452 0.07497467071935157
0 0.11144883485309018 0.2198581560283688 0.07497467071935157 0.07092198581560284
0 0.903242147922999 0.8693009118541033 0.08814589665653495 0.06889564336372847
0 0.061296859169199594 0.889564336372847 0.07193515704154002 0.07092198581560284
0 0.22745694022289767 0.1276595744680851 0.0800405268490375 0.06281661600810537
0 0.5582573454913881 0.2634245187436677 0.07092198581560284 0.07700101317122594
0 0.31357649442755825 0.24417426545086118 0.06788247213779129 0.07092198581560284
0 0.20263424518743667 0.7325227963525835 0.05268490374873354 0.05268490374873354
0 0.04609929078014184 0.4376899696048632 0.057750759878419454 0.07700101317122594
0 0.15704154002026344 0.4371833839918946 0.0486322188449848 0.05977710233029382