0 0.15045592705167174 0.39918946301925023 0.07598784194528875 0.06889564336372847
0 0.11043566362715299 0.21580547112462006 0.1094224924012158 0.1033434650455927
0 0.18135764944275581 0.13171225937183384 0.07700101317122594 0.0729483282674772
0 0.4078014184397163 0.8368794326241135 0.09219858156028368 0.0729483282674772
0 0.8120567375886525 0.46048632218844987 0.10030395136778116 0.06788247213779129
0 0.8475177304964538 0.2786220871327254 0.08611955420466058 0.06484295845997974
0 0.9594731509625126 0.19047619047619047 0.06484295845997974 0.0547112462006079
0 0.5749746707193516 0.6129685916919959 0.07598784194528875 0.06889564336372847
0 0.353596757852077 0.3662613981762918 0.0851063829787234 0.06585612968591692
0 0.5455927051671733 0.24670719351570417 0.06585612968591692 0.06788247213779129
0 0.477710233029382 0.2634245187436677 0.08409321175278622 0.04660587639311044
0 0.4817629179331307 0.17426545086119555 0.07598784194528875 0.07700101317122594
0 0.3961499493414387 0.05572441742654509 0.06484295845997974 0.05268490374873354
0 0.24113475177304963 0.18135764944275581 0.08308004052684904 0.0547112462006079
0 0.2624113475177305 0.12411347517730496 0.08308004052684904 0.06382978723404255
0 0.05369807497467072 0.599290780141844 0.07700101317122594 0.057750759878419454
0 0.20263424518743667 0.4260385005065856 0.06281661600810537 0.07801418439716312
0 0.4655521783181358 0.6889564336372846 0.07193515704154002 0.06484295845997974
0 0.475177304964539 0.732016210739615 0.10131712259371833 0.09625126646403243
0 0.9412360688956434 0.36727456940222897 0.07497467071935157 0.09625126646403243
0 0.7168186423505573 0.2502532928064843 0.05572441742654509 0.0790273556231003
0 0.6418439716312057 0.24164133738601823 0.07598784194528875 0.08814589665653495
0 0.8454913880445796 0.10638297872340426 0.08206686930091185 0.06889564336372847
0 0.11752786220871327 0.7877406281661601 0.06889564336372847 0.08611955420466058
0 0.6666666666666666 0.3829787234042553 0.0851063829787234 0.06889564336372847
0 0.342451874366768 0.1413373860182371 0.0790273556231003 0.08409321175278622
0 0.25785207700101315 0.02634245187436677 0.06180344478216818 0.04660587639311044
0 0.16312056737588654 0.7330293819655522 0.07497467071935157 0.06585612968591692
0 0.9159067882472138 0.577001013171226 0.08308004052684904 0.04356636271529889
0 0.9387031408308004 0.46099290780141844 0.08206686930091185 0.0486322188449848
0 0.3252279635258359 0.9022289766970618 0.05268490374873354 0.07396149949341439
0 0.2006079027355623 0.6529888551165147 0.0547112462006079 0.05977710233029382
0 0.414387031408308 0.6803444782168186 0.060790273556231005 0.05977710233029382
0 0.5795339412360689 0.18743667679837892 0.0547112462006079 0.044579533941236066
0 0.9387031408308004 0.5182370820668692 0.06585612968591692 0.05977710233029382
0 0.9412360688956434 0.1474164133738602 0.05268490374873354 0.05167173252279635
0 0.5283687943262412 0.6413373860182371 0.06788247213779129 0.05268490374873354
0 0.11398176291793313 0.9473150962512664 0.057750759878419454 0.05268490374873354