0 0.1498109640831758 0.40973534971644615 0.09924385633270322 0.10302457466918714
0 0.5448960302457467 0.9399810964083176 0.0671077504725898 0.06332703213610585
0 0.6795841209829868 0.5491493383742911 0.04725897920604915 0.06049149338374291
0 0.7197542533081286 0.7982041587901701 0.07277882797731569 0.08223062381852551
0 0.3440453686200378 0.6521739130434783 0.04725897920604915 0.07183364839319471
0 0.15595463137996218 0.7589792060491494 0.0661625708884688 0.07183364839319471
0 0.6266540642722117 0.8019848771266541 0.07372400756143667 0.0671077504725898
0 0.13090737240075614 0.8322306238185255 0.07844990548204159 0.05387523629489603
0 0.6034971644612477 0.9376181474480151 0.05198487712665406 0.05860113421550094
0 0.9343100189035917 0.5978260869565217 0.08601134215500945 0.0500945179584121
0 0.3960302457466919 0.6630434782608695 0.07183364839319471 0.09168241965973535
0 0.9428166351606805 0.8043478260869565 0.0671077504725898 0.09640831758034027