0 0.1389413988657845 0.42485822306238186 0.07183364839319471 0.048204158790170135
0 0.03544423440453686 0.8322306238185255 0.06143667296786389 0.04253308128544423
0 0.1323251417769376 0.3700378071833648 0.06994328922495274 0.046313799621928164
0 0.44281663516068054 0.1895085066162571 0.06899810964083176 0.08034026465028356
0 0.4844045368620038 0.5033081285444234 0.10869565217391304 0.09168241965973535
0 0.48015122873345933 0.8416824196597353 0.03969754253308128 0.055765595463137994
0 0.3553875236294896 0.808601134215501 0.08128544423440454 0.0671077504725898
0 0.7911153119092628 0.804820415879017 0.06427221172022685 0.06899810964083176
0 0.8922495274102079 0.7495274102079396 0.06427221172022685 0.04158790170132325
0 0.15217391304347827 0.9253308128544423 0.10586011342155009 0.054820415879017016
0 0.7358223062381852 0.7896975425330813 0.055765595463137994 0.07466918714555766
0 0.7353497164461248 0.7107750472589792 0.07183364839319471 0.06049149338374291
0 0.5137051039697542 0.3572778827977316 0.08412098298676748 0.07183364839319471
0 0.3435727788279773 0.8667296786389413 0.08601134215500945 0.04914933837429111
0 0.12051039697542533 0.4862948960302457 0.08034026465028356 0.057655954631379965
0 0.697069943289225 0.8506616257088847 0.057655954631379965 0.06805293005671077
0 0.8161625708884688 0.8799621928166351 0.06899810964083176 0.05103969754253308
0 0.5571833648393195 0.43809073724007563 0.05387523629489603 0.08034026465028356
0 0.22117202268431002 0.8946124763705104 0.06049149338374291 0.07466918714555766
0 0.3823251417769376 0.16257088846880907 0.055765595463137994 0.07939508506616257
0 0.9593572778827977 0.6791115311909263 0.04725897920604915 0.05387523629489603
0 0.7689035916824196 0.4886578449905482 0.04253308128544423 0.06427221172022685
0 0.7849716446124764 0.5425330812854442 0.057655954631379965 0.05103969754253308
0 0.8794896030245747 0.4655009451795841 0.0500945179584121 0.06143667296786389
0 0.9054820415879017 0.7107750472589792 0.06049149338374291 0.04158790170132325
0 0.9574669187145558 0.8383742911153119 0.052930056710775046 0.05860113421550094
0 0.9220226843100189 0.9522684310018904 0.057655954631379965 0.06899810964083176
0 0.69234404536862 0.9201323251417769 0.04253308128544423 0.057655954631379965
0 0.2674858223062382 0.9560491493383743 0.04725897920604915 0.055765595463137994
0 0.12098298676748583 0.9603024574669187 0.09262759924385633 0.052930056710775046
0 0.1290170132325142 0.6072778827977315 0.0671077504725898 0.04253308128544423
0 0.10680529300567108 0.7296786389413988 0.0661625708884688 0.05860113421550094
0 0.04064272211720227 0.7717391304347826 0.07750472589792061 0.048204158790170135
0 0.1994328922495274 0.6039697542533081 0.052930056710775046 0.04725897920604915
0 0.2712665406427221 0.23676748582230625 0.05860113421550094 0.0500945179584121
0 0.08081285444234404 0.29584120982986767 0.06143667296786389 0.07183364839319471
0 0.43005671077504726 0.2741020793950851 0.06427221172022685 0.05103969754253308
0 0.4777882797731569 0.7164461247637051 0.0444234404536862 0.06049149338374291
0 0.32325141776937616 0.45321361058601134 0.05103969754253308 0.06332703213610585
0 0.2608695652173913 0.3889413988657845 0.05860113421550094 0.036862003780718335