0 0.9532136105860114 0.2570888468809074 0.08412098298676748 0.05860113421550094
0 0.32655954631379963 0.6583175803402647 0.05198487712665406 0.06143667296786389
0 0.9404536862003781 0.13185255198487714 0.06049149338374291 0.09168241965973535
0 0.5448960302457467 0.6110586011342155 0.0500945179584121 0.06143667296786389
0 0.41446124763705106 0.499054820415879 0.08223062381852551 0.09073724007561437
0 0.03733459357277883 0.7575614366729678 0.07466918714555766 0.08034026465028356
0 0.43005671077504726 0.19754253308128544 0.06049149338374291 0.05671077504725898
0 0.8383742911153119 0.5992438563327032 0.07372400756143667 0.09073724007561437
0 0.500945179584121 0.8185255198487713 0.06427221172022685 0.04158790170132325
0 0.4914933837429111 0.22542533081285443 0.06049149338374291 0.08979206049149338
0 0.139413988657845 0.7287334593572778 0.057655954631379965 0.052930056710775046
0 0.04253308128544423 0.6814744801512287 0.06427221172022685 0.07750472589792061
0 0.2008506616257089 0.723062381852552 0.055765595463137994 0.06049149338374291
0 0.41918714555765596 0.7353497164461248 0.05387523629489603 0.04725897920604915
0 0.6649338374291115 0.5363894139886578 0.07655954631379962 0.07466918714555766
0 0.359640831758034 0.3879962192816635 0.07088846880907372 0.07466918714555766
0 0.15595463137996218 0.5486767485822306 0.05103969754253308 0.048204158790170135
0 0.5628544423440454 0.9584120982986768 0.04064272211720227 0.04725897920604915