0 0.1947069943289225 0.472117202268431 0.1285444234404537 0.09924385633270322
0 0.3052930056710775 0.4900756143667297 0.10586011342155009 0.07466918714555766
0 0.47967863894139884 0.23582230623818526 0.08034026465028356 0.08412098298676748
0 0.668241965973535 0.30340264650283555 0.06994328922495274 0.0888468809073724
0 0.7684310018903592 0.5406427221172023 0.07561436672967864 0.08695652173913043
0 0.7065217391304348 0.5118147448015122 0.05954631379962193 0.05198487712665406
0 0.3960302457466919 0.5581285444234405 0.08695652173913043 0.06332703213610585
0 0.8790170132325141 0.5973534971644613 0.07561436672967864 0.05671077504725898
0 0.5174858223062382 0.5741965973534972 0.07655954631379962 0.0671077504725898
0 0.5647448015122873 0.6044423440453687 0.0444234404536862 0.09924385633270322
0 0.3775992438563327 0.13090737240075614 0.06332703213610585 0.07277882797731569
0 0.667296786389414 0.5897920604914934 0.08695652173913043 0.07750472589792061