0 0.14224952741020794 0.4763705103969754 0.057655954631379965 0.07183364839319471
0 0.2622873345935728 0.16446124763705103 0.08412098298676748 0.06427221172022685
0 0.24669187145557656 0.6096408317580341 0.09073724007561437 0.09829867674858223
0 0.3383742911153119 0.6715500945179584 0.0661625708884688 0.07088846880907372
0 0.39792060491493386 0.6488657844990549 0.04725897920604915 0.0444234404536862
0 0.2953686200378072 0.5959357277882797 0.0671077504725898 0.046313799621928164
0 0.358695652173913 0.6072778827977315 0.07088846880907372 0.07466918714555766
0 0.48582230623818523 0.5798676748582231 0.06427221172022685 0.0500945179584121
0 0.4045368620037807 0.416351606805293 0.07183364839319471 0.05387523629489603
0 0.3672022684310019 0.45415879017013233 0.08790170132325142 0.048204158790170135
0 0.2551984877126654 0.4229678638941399 0.07939508506616257 0.06143667296786389
0 0.4555765595463138 0.1167296786389414 0.05103969754253308 0.07466918714555766
0 0.2381852551984877 0.31427221172022685 0.06427221172022685 0.0500945179584121
0 0.525992438563327 0.9366729678638941 0.06143667296786389 0.06049149338374291
0 0.6346880907372401 0.7896975425330813 0.0444234404536862 0.057655954631379965
0 0.7429111531190926 0.8818525519848771 0.052930056710775046 0.0661625708884688
0 0.7655954631379962 0.8449905482041588 0.05103969754253308 0.03969754253308128
0 0.9603024574669187 0.7906427221172023 0.07372400756143667 0.06332703213610585
0 0.691398865784499 0.6994328922495274 0.0671077504725898 0.06049149338374291
0 0.7433837429111532 0.7046313799621928 0.05387523629489603 0.06143667296786389
0 0.6450850661625709 0.8497164461247637 0.07466918714555766 0.03969754253308128
0 0.4829867674858223 0.5151228733459358 0.08695652173913043 0.09073724007561437
0 0.45841209829867674 0.6535916824196597 0.045368620037807186 0.0444234404536862
0 0.42391304347826086 0.6219281663516069 0.057655954631379965 0.045368620037807186
0 0.5864839319470699 0.6649338374291115 0.07088846880907372 0.03497164461247637
0 0.5737240075614367 0.8539697542533081 0.07183364839319471 0.057655954631379965
0 0.4768431001890359 0.9125708884688091 0.048204158790170135 0.048204158790170135
0 0.0831758034026465 0.27504725897920607 0.05103969754253308 0.03969754253308128
0 0.14272211720226843 0.8672022684310019 0.052930056710775046 0.05387523629489603
0 0.20463137996219283 0.9187145557655955 0.057655954631379965 0.034026465028355386
0 0.7712665406427222 0.8090737240075614 0.05860113421550094 0.04158790170132325
0 0.32655954631379963 0.3908317580340265 0.0444234404536862 0.055765595463137994
0 0.390359168241966 0.6890359168241966 0.052930056710775046 0.04158790170132325
0 0.3780718336483932 0.8714555765595463 0.04158790170132325 0.05103969754253308
0 0.3440453686200378 0.9655009451795841 0.05103969754253308 0.048204158790170135
0 0.4621928166351607 0.24669187145557656 0.05671077504725898 0.06427221172022685
0 0.29017013232514177 0.6502835538752363 0.05860113421550094 0.05671077504725898
0 0.6446124763705104 0.8941398865784499 0.07939508506616257 0.030245746691871456