0 0.2112476370510397 0.46975425330812853 0.06143667296786389 0.0945179584120983
0 0.12334593572778828 0.7939508506616257 0.07466918714555766 0.054820415879017016
0 0.4872400756143667 0.9456521739130435 0.06899810964083176 0.06332703213610585
0 0.555765595463138 0.7036862003780718 0.054820415879017016 0.08601134215500945
0 0.6446124763705104 0.6602079395085066 0.03969754253308128 0.04253308128544423
0 0.34262759924385633 0.2608695652173913 0.0500945179584121 0.054820415879017016
0 0.29773156899810965 0.19045368620037806 0.06049149338374291 0.057655954631379965
0 0.27551984877126656 0.18052930056710775 0.0444234404536862 0.04914933837429111
0 0.42863894139886577 0.12618147448015124 0.0671077504725898 0.057655954631379965
0 0.3936672967863894 0.28119092627599246 0.055765595463137994 0.06332703213610585
0 0.2575614366729679 0.10491493383742911 0.08034026465028356 0.04158790170132325
0 0.7466918714555766 0.1786389413988658 0.07183364839319471 0.07561436672967864
0 0.43620037807183365 0.18525519848771266 0.08412098298676748 0.054820415879017016
0 0.3270321361058601 0.09782608695652174 0.052930056710775046 0.07277882797731569
0 0.5808128544423441 0.17060491493383742 0.0671077504725898 0.046313799621928164
0 0.6502835538752363 0.2722117202268431 0.07750472589792061 0.07183364839319471
0 0.6398865784499055 0.918241965973535 0.07561436672967864 0.04253308128544423
0 0.5978260869565217 0.45415879017013233 0.057655954631379965 0.046313799621928164
0 0.7476370510396976 0.0444234404536862 0.054820415879017016 0.0661625708884688
0 0.43761814744801514 0.26417769376181477 0.03780718336483932 0.06332703213610585
0 0.48015122873345933 0.28166351606805295 0.045368620037807186 0.045368620037807186
0 0.4054820415879017 0.3544423440453686 0.07372400756143667 0.07561436672967864
0 0.6691871455576559 0.15926275992438563 0.0945179584120983 0.0671077504725898
0 0.45321361058601134 0.41351606805293006 0.05198487712665406 0.07277882797731569
0 0.5746691871455577 0.31379962192816635 0.04914933837429111 0.04725897920604915
0 0.5255198487712666 0.14130434782608695 0.07939508506616257 0.055765595463137994
0 0.13137996219281664 0.5803402646502835 0.09073724007561437 0.07372400756143667
0 0.05340264650283554 0.17438563327032136 0.0500945179584121 0.048204158790170135
0 0.21550094517958412 0.7655954631379962 0.05671077504725898 0.04725897920604915
0 0.7599243856332704 0.11153119092627599 0.09073724007561437 0.04914933837429111
0 0.15879017013232513 0.21030245746691872 0.05103969754253308 0.04253308128544423
0 0.16729678638941398 0.2589792060491493 0.04725897920604915 0.045368620037807186
0 0.276937618147448 0.5080340264650284 0.04725897920604915 0.038752362948960305
0 0.610586011342155 0.5004725897920604 0.052930056710775046 0.06143667296786389
0 0.6398865784499055 0.4763705103969754 0.052930056710775046 0.0661625708884688
0 0.07750472589792061 0.746219281663516 0.04725897920604915 0.04253308128544423
0 0.41918714555765596 0.7396030245746692 0.05387523629489603 0.048204158790170135
0 0.4716446124763705 0.7216446124763705 0.05860113421550094 0.07088846880907372
0 0.3851606805293006 0.8218336483931947 0.05387523629489603 0.06143667296786389
0 0.14177693761814744 0.3714555765595463 0.05103969754253308 0.04725897920604915
0 0.04725897920604915 0.3005671077504726 0.07372400756143667 0.045368620037807186
0 0.21975425330812853 0.19139886578449905 0.036862003780718335 0.048204158790170135
0 0.2523629489603025 0.1720226843100189 0.03780718336483932 0.06427221172022685
0 0.611531190926276 0.10302457466918714 0.06049149338374291 0.05860113421550094
0 0.43525519848771266 0.027410207939508508 0.04253308128544423 0.03969754253308128
0 0.3534971644612476 0.34215500945179583 0.03969754253308128 0.052930056710775046
0 0.09877126654064272 0.10207939508506617 0.0500945179584121 0.05103969754253308
0 0.44754253308128544 0.4621928166351607 0.06899810964083176 0.04725897920604915