0 0.4673913043478261 0.3516068052930057 0.048204158790170135 0.06994328922495274
0 0.28733459357277885 0.4706994328922495 0.045368620037807186 0.062381852551984876
0 0.2339319470699433 0.4985822306238185 0.06332703213610585 0.055765595463137994
0 0.08979206049149338 0.6129489603024575 0.06049149338374291 0.06143667296786389
0 0.17107750472589792 0.44376181474480153 0.07939508506616257 0.05954631379962193
0 0.3988657844990548 0.44896030245746693 0.06427221172022685 0.06805293005671077
0 0.4896030245746692 0.9376181474480151 0.10396975425330812 0.0888468809073724
0 0.7603969754253308 0.2637051039697543 0.07466918714555766 0.06805293005671077
0 0.832703213610586 0.1833648393194707 0.07561436672967864 0.04725897920604915
0 0.5217391304347826 0.21219281663516068 0.06994328922495274 0.031190926275992438
0 0.4896030245746692 0.28591682419659736 0.05103969754253308 0.057655954631379965
0 0.20935727788279773 0.2939508506616257 0.0500945179584121 0.07183364839319471
0 0.5132325141776938 0.43194706994328924 0.06805293005671077 0.07561436672967864
0 0.668241965973535 0.9560491493383743 0.062381852551984876 0.07277882797731569
0 0.42627599243856334 0.6153119092627599 0.07372400756143667 0.0661625708884688
0 0.34215500945179583 0.2277882797731569 0.043478260869565216 0.062381852551984876
0 0.46928166351606804 0.8766540642722117 0.06899810964083176 0.055765595463137994
0 0.4896030245746692 0.7419659735349716 0.054820415879017016 0.045368620037807186
0 0.08979206049149338 0.45888468809073724 0.045368620037807186 0.08034026465028356
0 0.19659735349716445 0.046313799621928164 0.062381852551984876 0.05103969754253308
0 0.3936672967863894 0.04962192816635161 0.06143667296786389 0.0444234404536862