0 0.48582230623818523 0.8837429111531191 0.11153119092627599 0.0945179584120983
0 0.8728733459357277 0.8005671077504726 0.05954631379962193 0.04725897920604915
0 0.46266540642722115 0.3946124763705104 0.07466918714555766 0.06143667296786389
0 0.7367674858223062 0.9513232514177694 0.07466918714555766 0.06143667296786389
0 0.8293950850661626 0.9111531190926276 0.06143667296786389 0.09262759924385633
0 0.7660680529300568 0.5964083175803403 0.0671077504725898 0.07372400756143667
0 0.7972589792060492 0.5496219281663516 0.057655954631379965 0.06899810964083176
0 0.8960302457466919 0.4886578449905482 0.07372400756143667 0.07183364839319471
0 0.5581285444234405 0.5718336483931947 0.0671077504725898 0.045368620037807186
0 0.6049149338374291 0.6068052930056711 0.07372400756143667 0.045368620037807186
0 0.11720226843100189 0.1342155009451796 0.05860113421550094 0.03969754253308128
0 0.553875236294896 0.29253308128544425 0.07183364839319471 0.07466918714555766
0 0.6020793950850661 0.526937618147448 0.07372400756143667 0.06143667296786389
0 0.782608695652174 0.4158790170132325 0.09262759924385633 0.07183364839319471
0 0.40926275992438566 0.7764650283553876 0.07183364839319471 0.05387523629489603