0 0.07750472589792061 0.6890359168241966 0.08695652173913043 0.07750472589792061
0 0.724952741020794 0.7216446124763705 0.13799621928166353 0.09546313799621928
0 0.6053875236294896 0.7930056710775047 0.08223062381852551 0.07372400756143667
0 0.4952741020793951 0.8676748582230623 0.07372400756143667 0.07939508506616257
0 0.4664461247637051 0.18714555765595464 0.07466918714555766 0.0661625708884688
0 0.3667296786389414 0.17060491493383742 0.09073724007561437 0.06143667296786389
0 0.2537807183364839 0.09688090737240075 0.057655954631379965 0.055765595463137994
0 0.31899810964083175 0.10302457466918714 0.055765595463137994 0.045368620037807186
0 0.34168241965973534 0.21455576559546313 0.08412098298676748 0.05860113421550094
0 0.20132325141776938 0.13988657844990549 0.052930056710775046 0.045368620037807186
0 0.29064272211720227 0.16965973534971646 0.06143667296786389 0.048204158790170135
0 0.5448960302457467 0.8620037807183365 0.05198487712665406 0.05860113421550094
0 0.139413988657845 0.22258979206049148 0.0671077504725898 0.05954631379962193
0 0.11200378071833648 0.06474480151228733 0.055765595463137994 0.05198487712665406
0 0.2882797731568998 0.29773156899810965 0.04914933837429111 0.054820415879017016