0 0.3568052930056711 0.6370510396975425 0.08601134215500945 0.04158790170132325
0 0.7424385633270322 0.7566162570888468 0.06332703213610585 0.0671077504725898
0 0.3516068052930057 0.21313799621928167 0.08128544423440454 0.05198487712665406
0 0.5113421550094518 0.4281663516068053 0.04914933837429111 0.054820415879017016
0 0.6649338374291115 0.8870510396975425 0.08412098298676748 0.07655954631379962
0 0.8586956521739131 0.9489603024574669 0.06899810964083176 0.04725897920604915
0 0.22400756143667297 0.20463137996219283 0.062381852551984876 0.05198487712665406
0 0.5685255198487713 0.8090737240075614 0.048204158790170135 0.030245746691871456
0 0.5184310018903592 0.8052930056710775 0.06143667296786389 0.045368620037807186
0 0.28733459357277885 0.9499054820415879 0.09829867674858223 0.062381852551984876
0 0.7320415879017014 0.6143667296786389 0.09546313799621928 0.045368620037807186
0 0.7859168241965974 0.5609640831758034 0.07655954631379962 0.0671077504725898
0 0.9120982986767486 0.5737240075614367 0.07183364839319471 0.05860113421550094
0 0.4499054820415879 0.3482986767485822 0.07183364839319471 0.06899810964083176
0 0.3539697542533081 0.2830812854442344 0.055765595463137994 0.04253308128544423
0 0.29820415879017015 0.4158790170132325 0.055765595463137994 0.05860113421550094
0 0.6715500945179584 0.8412098298676749 0.07655954631379962 0.052930056710775046
0 0.15879017013232513 0.13752362948960303 0.09073724007561437 0.06143667296786389
0 0.2793005671077505 0.13705103969754254 0.05198487712665406 0.05860113421550094