0 0.05718336483931947 0.41257088846880907 0.06143667296786389 0.09168241965973535
0 0.19848771266540643 0.3719281663516068 0.05103969754253308 0.09546313799621928
0 0.06001890359168242 0.6129489603024575 0.06143667296786389 0.08979206049149338
0 0.10113421550094517 0.5382797731568998 0.054820415879017016 0.06143667296786389
0 0.20179584120982988 0.6020793950850661 0.05387523629489603 0.062381852551984876
0 0.17438563327032136 0.7065217391304348 0.05198487712665406 0.0671077504725898
0 0.04914933837429111 0.9371455576559546 0.03780718336483932 0.048204158790170135
0 0.07466918714555766 0.8705103969754253 0.07750472589792061 0.045368620037807186
0 0.2566162570888469 0.5935727788279773 0.048204158790170135 0.06994328922495274
0 0.29300567107750475 0.6190926275992439 0.04914933837429111 0.043478260869565216
0 0.31238185255198486 0.6758034026465028 0.05198487712665406 0.06427221172022685
0 0.39744801512287337 0.22448015122873347 0.09735349716446125 0.08034026465028356
0 0.45415879017013233 0.27882797731569 0.10302457466918714 0.07561436672967864
0 0.5685255198487713 0.31143667296786387 0.06521739130434782 0.10302457466918714
0 0.48582230623818523 0.42533081285444235 0.07372400756143667 0.10586011342155009
0 0.5444234404536862 0.43525519848771266 0.05103969754253308 0.09168241965973535
0 0.33223062381852553 0.5070888468809074 0.08034026465028356 0.07844990548204159
0 0.2821361058601134 0.5453686200378072 0.07277882797731569 0.06994328922495274
0 0.40311909262759926 0.530718336483932 0.06521739130434782 0.07844990548204159
0 0.5803402646502835 0.5510396975425331 0.05671077504725898 0.06994328922495274
0 0.4966918714555766 0.6020793950850661 0.09735349716446125 0.08128544423440454
0 0.7117202268431002 0.29773156899810965 0.045368620037807186 0.07561436672967864
0 0.7627599243856332 0.29347826086956524 0.04914933837429111 0.06143667296786389
0 0.5477315689981096 0.11767485822306238 0.08412098298676748 0.08034026465028356
0 0.6332703213610587 0.08742911153119093 0.09262759924385633 0.07844990548204159
0 0.7216446124763705 0.07088846880907372 0.08034026465028356 0.062381852551984876
0 0.8265595463137996 0.39224952741020797 0.08034026465028356 0.07561436672967864
0 0.6143667296786389 0.4725897920604915 0.0945179584120983 0.06805293005671077
0 0.5978260869565217 0.39697542533081287 0.09168241965973535 0.06805293005671077
0 0.8246691871455577 0.24621928166351606 0.07088846880907372 0.0671077504725898
0 0.8922495274102079 0.31285444234404536 0.06427221172022685 0.05860113421550094
0 0.6427221172022685 0.5491493383742911 0.06805293005671077 0.05671077504725898
0 0.6956521739130435 0.5600189035916824 0.05671077504725898 0.048204158790170135
0 0.504725897920605 0.5311909262759924 0.0888468809073724 0.06805293005671077
0 0.8081285444234405 0.4758979206049149 0.05860113421550094 0.06521739130434782
0 0.915406427221172 0.3714555765595463 0.0671077504725898 0.054820415879017016
0 0.7533081285444234 0.1720226843100189 0.043478260869565216 0.06427221172022685
0 0.6370510396975425 0.1890359168241966 0.06427221172022685 0.07372400756143667
0 0.8681474480151229 0.07514177693761814 0.0671077504725898 0.06521739130434782
0 0.30245746691871456 0.22589792060491493 0.06427221172022685 0.045368620037807186
0 0.33742911153119093 0.14697542533081284 0.10586011342155009 0.06521739130434782
0 0.9603024574669187 0.046313799621928164 0.03969754253308128 0.054820415879017016
0 0.7953686200378072 0.10160680529300567 0.04064272211720227 0.0671077504725898
0 0.14744801512287334 0.3539697542533081 0.09073724007561437 0.08979206049149338
0 0.3591682419659735 0.7580340264650284 0.06805293005671077 0.07561436672967864
0 0.9617202268431002 0.27977315689981097 0.036862003780718335 0.05860113421550094
0 0.7244801512287334 0.6772211720226843 0.05387523629489603 0.036862003780718335
0 0.6313799621928167 0.13988657844990549 0.062381852551984876 0.045368620037807186
0 0.6545368620037807 0.360586011342155 0.05198487712665406 0.055765595463137994