0 0.4877126654064272 0.6247637051039697 0.06049149338374291 0.08128544423440454
0 0.9295841209829868 0.8780718336483931 0.05198487712665406 0.054820415879017016
0 0.4664461247637051 0.8747637051039697 0.0671077504725898 0.04253308128544423
0 0.4669187145557656 0.9300567107750473 0.07750472589792061 0.05860113421550094
0 0.417296786389414 0.5888468809073724 0.08034026465028356 0.06049149338374291
0 0.27977315689981097 0.779773156899811 0.0888468809073724 0.04914933837429111
0 0.3672022684310019 0.6767485822306238 0.07277882797731569 0.06994328922495274
0 0.38657844990548207 0.7410207939508506 0.07183364839319471 0.052930056710775046
0 0.2613421550094518 0.8454631379962193 0.0500945179584121 0.04253308128544423
0 0.1937618147448015 0.8303402646502835 0.06049149338374291 0.06143667296786389
0 0.14083175803402648 0.8246691871455577 0.052930056710775046 0.055765595463137994
0 0.12051039697542533 0.695179584120983 0.04253308128544423 0.057655954631379965
0 0.1819470699432892 0.6696597353497165 0.06899810964083176 0.05198487712665406
0 0.20226843100189035 0.6129489603024575 0.06427221172022685 0.06332703213610585
0 0.07939508506616257 0.8383742911153119 0.052930056710775046 0.07183364839319471
0 0.52882797731569 0.6980151228733459 0.08979206049149338 0.06143667296786389
0 0.46455576559546313 0.44848771266540643 0.06332703213610585 0.08034026465028356
0 0.4891304347826087 0.3747637051039698 0.07277882797731569 0.06143667296786389
0 0.5486767485822306 0.5231568998109641 0.08601134215500945 0.08601134215500945
0 0.08270321361058601 0.11909262759924386 0.055765595463137994 0.06427221172022685
0 0.1290170132325142 0.1219281663516068 0.06332703213610585 0.06994328922495274
0 0.2452741020793951 0.0723062381852552 0.08034026465028356 0.07277882797731569
0 0.2953686200378072 0.10113421550094517 0.06143667296786389 0.04158790170132325
0 0.15359168241965973 0.18572778827977315 0.055765595463137994 0.0671077504725898
0 0.139413988657845 0.945179584120983 0.057655954631379965 0.035916824196597356
0 0.34120982986767484 0.6195652173913043 0.0831758034026465 0.055765595463137994
0 0.27599243856332706 0.15075614366729678 0.10775047258979206 0.057655954631379965
0 0.387523629489603 0.14933837429111532 0.07939508506616257 0.08695652173913043
0 0.31001890359168244 0.3771266540642722 0.05103969754253308 0.06049149338374291
0 0.3553875236294896 0.3454631379962193 0.06049149338374291 0.036862003780718335
0 0.2632325141776938 0.4106805293005671 0.0500945179584121 0.05387523629489603
0 0.10160680529300567 0.18052930056710775 0.03497164461247637 0.03780718336483932
0 0.08175803402646503 0.23440453686200377 0.09357277882797732 0.07183364839319471
0 0.6195652173913043 0.6786389413988658 0.057655954631379965 0.05671077504725898
0 0.558601134215501 0.8416824196597353 0.04725897920604915 0.0671077504725898
0 0.8875236294896031 0.7977315689981096 0.11720226843100189 0.04914933837429111
0 0.6847826086956522 0.7329867674858223 0.07655954631379962 0.05387523629489603
0 0.583648393194707 0.7996219281663516 0.08034026465028356 0.04158790170132325
0 0.42060491493383745 0.8156899810964083 0.0661625708884688 0.04914933837429111
0 0.29725897920604916 0.04111531190926276 0.05387523629489603 0.04253308128544423
0 0.2060491493383743 0.19045368620037806 0.05103969754253308 0.04253308128544423
0 0.6304347826086957 0.6082230623818525 0.043478260869565216 0.0444234404536862
0 0.3728733459357278 0.3813799621928166 0.055765595463137994 0.04253308128544423
0 0.1838374291115312 0.9120982986767486 0.055765595463137994 0.03780718336483932
0 0.2793005671077505 0.8133270321361059 0.048204158790170135 0.02551984877126654
0 0.250945179584121 0.531663516068053 0.057655954631379965 0.0500945179584121
0 0.47542533081285443 0.8256143667296786 0.054820415879017016 0.0444234404536862
0 0.584593572778828 0.28591682419659736 0.0500945179584121 0.057655954631379965
0 0.4834593572778828 0.06427221172022685 0.05387523629489603 0.03969754253308128
0 0.4673913043478261 0.16729678638941398 0.06899810964083176 0.09073724007561437
0 0.4158790170132325 0.09829867674858223 0.04725897920604915 0.03780718336483932
0 0.08128544423440454 0.07277882797731569 0.07183364839319471 0.045368620037807186
0 0.2835538752362949 0.33034026465028354 0.05103969754253308 0.0671077504725898
0 0.4276937618147448 0.332703213610586 0.04253308128544423 0.05103969754253308
0 0.4844045368620038 0.33175803402646503 0.057655954631379965 0.04158790170132325
0 0.41304347826086957 0.3898865784499055 0.052930056710775046 0.06899810964083176
0 0.4220226843100189 0.46975425330812853 0.04253308128544423 0.03213610586011342
0 0.4995274102079395 0.5727788279773157 0.07088846880907372 0.04158790170132325
0 0.42580340264650285 0.6512287334593573 0.06143667296786389 0.05103969754253308
0 0.6058601134215501 0.9447069943289225 0.06049149338374291 0.05387523629489603
0 0.5203213610586012 0.8927221172022685 0.048204158790170135 0.0444234404536862
0 0.2953686200378072 0.9551039697542533 0.05387523629489603 0.08412098298676748
0 0.29111531190926276 0.8601134215500945 0.04725897920604915 0.06049149338374291
0 0.2112476370510397 0.8062381852551985 0.055765595463137994 0.04158790170132325
0 0.03497164461247637 0.7476370510396976 0.04725897920604915 0.045368620037807186
0 0.11909262759924386 0.7693761814744802 0.03213610586011342 0.04158790170132325
0 0.09546313799621928 0.7849716446124764 0.03213610586011342 0.04253308128544423
0 0.3988657844990548 0.9305293005671077 0.06427221172022685 0.06332703213610585
0 0.3794896030245747 0.42485822306238186 0.06332703213610585 0.06332703213610585