0 0.32986767485822305 0.5222117202268431 0.04914933837429111 0.055765595463137994
0 0.23251417769376181 0.5562381852551985 0.0661625708884688 0.06899810964083176
0 0.10633270321361059 0.7485822306238186 0.057655954631379965 0.052930056710775046
0 0.15879017013232513 0.6583175803402647 0.0831758034026465 0.0444234404536862
0 0.3965028355387524 0.7698487712665406 0.06899810964083176 0.0500945179584121
0 0.3223062381852552 0.7136105860113422 0.04914933837429111 0.045368620037807186
0 0.24196597353497165 0.7859168241965974 0.05103969754253308 0.055765595463137994
0 0.6729678638941399 0.7821361058601134 0.11909262759924386 0.05954631379962193
0 0.39177693761814747 0.6540642722117203 0.08223062381852551 0.0888468809073724
0 0.29820415879017015 0.8275047258979206 0.06332703213610585 0.048204158790170135
0 0.8412098298676749 0.7632325141776938 0.08695652173913043 0.055765595463137994
0 0.8019848771266541 0.6304347826086957 0.09357277882797732 0.052930056710775046
0 0.252835538752363 0.7188090737240076 0.06143667296786389 0.04253308128544423