0 0.20652173913043478 0.09640831758034027 0.09735349716446125 0.06994328922495274
0 0.27977315689981097 0.04489603024574669 0.07939508506616257 0.0444234404536862
0 0.45888468809073724 0.18714555765595464 0.07277882797731569 0.06427221172022685
0 0.1724952741020794 0.8941398865784499 0.07655954631379962 0.05671077504725898
0 0.24763705103969755 0.8534971644612477 0.04158790170132325 0.043478260869565216
0 0.28166351606805295 0.8331758034026465 0.04914933837429111 0.048204158790170135
0 0.22495274102079396 0.9007561436672968 0.04158790170132325 0.05860113421550094
0 0.08648393194706994 0.8440453686200378 0.05954631379962193 0.054820415879017016
0 0.30671077504725897 0.8875236294896031 0.05198487712665406 0.043478260869565216
0 0.2670132325141777 0.46975425330812853 0.048204158790170135 0.062381852551984876
0 0.29678638941398866 0.5482041587901701 0.054820415879017016 0.04914933837429111
0 0.08364839319470699 0.3676748582230624 0.06899810964083176 0.043478260869565216
0 0.06947069943289225 0.1994328922495274 0.05198487712665406 0.05860113421550094
0 0.2594517958412098 0.23582230623818526 0.06899810964083176 0.0444234404536862
0 0.24102079395085066 0.28686200378071836 0.04914933837429111 0.05954631379962193
0 0.252835538752363 0.16020793950850662 0.0671077504725898 0.06899810964083176
0 0.32892249527410206 0.3837429111531191 0.054820415879017016 0.034026465028355386
0 0.2887523629489603 0.3629489603024575 0.048204158790170135 0.04914933837429111
0 0.3941398865784499 0.07041587901701324 0.07183364839319471 0.038752362948960305
0 0.16020793950850662 0.2944234404536862 0.05198487712665406 0.05198487712665406
0 0.4102079395085066 0.8955576559546313 0.05860113421550094 0.0444234404536862
0 0.8104914933837429 0.03544423440453686 0.06521739130434782 0.046313799621928164
0 0.5231568998109641 0.250945179584121 0.0671077504725898 0.06899810964083176
0 0.391304347826087 0.6956521739130435 0.05671077504725898 0.05103969754253308
0 0.3341209829867675 0.42911153119092627 0.038752362948960305 0.043478260869565216
0 0.8851606805293005 0.05245746691871456 0.06899810964083176 0.05198487712665406
0 0.14697542533081284 0.7282608695652174 0.05198487712665406 0.0444234404536862
0 0.022684310018903593 0.22637051039697542 0.04158790170132325 0.06143667296786389
0 0.28544423440453687 0.7121928166351607 0.04914933837429111 0.031190926275992438
0 0.9494328922495274 0.04489603024574669 0.05198487712665406 0.05387523629489603
0 0.12523629489603025 0.1876181474480151 0.04253308128544423 0.05387523629489603
0 0.6554820415879017 0.04158790170132325 0.08412098298676748 0.043478260869565216
0 0.44612476370510395 0.1219281663516068 0.08128544423440454 0.054820415879017016
0 0.33081285444234404 0.14886578449905483 0.07939508506616257 0.0671077504725898
0 0.3620037807183365 0.22306238185255198 0.09640831758034027 0.0888468809073724
0 0.34215500945179583 0.8161625708884688 0.07183364839319471 0.07844990548204159
0 0.13090737240075614 0.3998109640831758 0.055765595463137994 0.054820415879017016
0 0.40831758034026466 0.33648393194706994 0.06049149338374291 0.054820415879017016
0 0.13137996219281664 0.1110586011342155 0.054820415879017016 0.07466918714555766
0 0.024574669187145556 0.3846880907372401 0.04158790170132325 0.04158790170132325
0 0.4002835538752363 0.7906427221172023 0.036862003780718335 0.08034026465028356
0 0.3790170132325142 0.42627599243856334 0.05103969754253308 0.04725897920604915
0 0.29206049149338376 0.7594517958412098 0.06049149338374291 0.04253308128544423
0 0.33175803402646503 0.5378071833648393 0.04158790170132325 0.045368620037807186
0 0.39744801512287337 0.9617202268431002 0.06332703213610585 0.0444234404536862