0 0.036389413988657845 0.03780718336483932 0.0671077504725898 0.07561436672967864
0 0.1876181474480151 0.06379962192816635 0.07277882797731569 0.06143667296786389
0 0.15642722117202268 0.1611531190926276 0.08034026465028356 0.08601134215500945
0 0.2008506616257089 0.11956521739130435 0.07277882797731569 0.06143667296786389
0 0.1890359168241966 0.2618147448015123 0.06994328922495274 0.09262759924385633
0 0.33175803402646503 0.14603024574669188 0.05860113421550094 0.05954631379962193
0 0.11011342155009451 0.42344045368620037 0.08034026465028356 0.07561436672967864
0 0.31710775047258977 0.5600189035916824 0.08979206049149338 0.05387523629489603
0 0.5122873345935728 0.5368620037807184 0.1001890359168242 0.06427221172022685
0 0.501890359168242 0.4111531190926276 0.045368620037807186 0.054820415879017016
0 0.7485822306238186 0.4017013232514178 0.06994328922495274 0.0945179584120983
0 0.665406427221172 0.3799621928166352 0.06994328922495274 0.05860113421550094
0 0.4116257088846881 0.5600189035916824 0.07088846880907372 0.048204158790170135
0 0.35822306238185253 0.719281663516068 0.05671077504725898 0.08128544423440454
0 0.4924385633270321 0.7433837429111532 0.05671077504725898 0.05387523629489603
0 0.4494328922495274 0.9050094517958412 0.07088846880907372 0.046313799621928164
0 0.808601134215501 0.8175803402646503 0.07277882797731569 0.05103969754253308
0 0.2830812854442344 0.7887523629489603 0.04253308128544423 0.06521739130434782
0 0.27551984877126656 0.8482986767485823 0.05387523629489603 0.05954631379962193
0 0.05056710775047259 0.968336483931947 0.05954631379962193 0.05387523629489603
0 0.6058601134215501 0.558601134215501 0.06994328922495274 0.062381852551984876
0 0.7292060491493384 0.6535916824196597 0.05954631379962193 0.06521739130434782
0 0.5926275992438563 0.780718336483932 0.05103969754253308 0.05860113421550094
0 0.497164461247637 0.8185255198487713 0.054820415879017016 0.05860113421550094
0 0.32041587901701324 0.6124763705103969 0.05860113421550094 0.045368620037807186
0 0.4333648393194707 0.6928166351606805 0.07844990548204159 0.035916824196597356
0 0.5 0.6063327032136105 0.06427221172022685 0.05198487712665406
0 0.5793950850661626 0.6304347826086957 0.04914933837429111 0.05103969754253308
0 0.6460302457466919 0.6592627599243857 0.05387523629489603 0.048204158790170135
0 0.7878071833648393 0.6649338374291115 0.05198487712665406 0.06521739130434782
0 0.860586011342155 0.9215500945179584 0.08412098298676748 0.08695652173913043
0 0.8917769376181475 0.6573724007561437 0.048204158790170135 0.05954631379962193
0 0.694234404536862 0.5293005671077504 0.08034026465028356 0.07372400756143667
0 0.7873345935727788 0.5160680529300568 0.054820415879017016 0.08695652173913043
0 0.8383742911153119 0.4706994328922495 0.0831758034026465 0.07561436672967864
0 0.9626654064272212 0.6918714555765595 0.05954631379962193 0.05860113421550094
0 0.6772211720226843 0.8369565217391305 0.05198487712665406 0.05198487712665406
0 0.06568998109640832 0.7164461247637051 0.06521739130434782 0.06427221172022685
0 0.7358223062381852 0.5940453686200378 0.05954631379962193 0.05387523629489603
0 0.5368620037807184 0.5737240075614367 0.06805293005671077 0.043478260869565216
0 0.31379962192816635 0.3908317580340265 0.08695652173913043 0.06143667296786389
0 0.31049149338374293 0.43809073724007563 0.08034026465028356 0.06143667296786389
0 0.048204158790170135 0.8827977315689981 0.062381852551984876 0.07561436672967864
0 0.22495274102079396 0.24149338374291116 0.07750472589792061 0.08223062381852551
0 0.9362003780718336 0.7613421550094518 0.0500945179584121 0.05387523629489603
0 0.5935727788279773 0.4985822306238185 0.06049149338374291 0.055765595463137994
0 0.4560491493383743 0.7618147448015122 0.05198487712665406 0.04725897920604915
0 0.7065217391304348 0.46361058601134214 0.05198487712665406 0.05387523629489603