0 0.11757105943152454 0.270671834625323 0.07751937984496124 0.06847545219638243
0 0.2629198966408269 0.3055555555555556 0.05297157622739018 0.06847545219638243
0 0.24806201550387597 0.17571059431524547 0.05426356589147287 0.03875968992248062
0 0.36886304909560724 0.16666666666666666 0.060723514211886306 0.046511627906976744
0 0.16020671834625322 0.2739018087855297 0.03617571059431524 0.05167958656330749
0 0.24289405684754523 0.58656330749354 0.06201550387596899 0.05426356589147287
0 0.5193798449612403 0.7054263565891473 0.05167958656330749 0.08785529715762273
0 0.5742894056847545 0.7099483204134367 0.05555555555555555 0.0710594315245478
0 0.29198966408268734 0.4198966408268734 0.05426356589147287 0.05426356589147287
0 0.32751937984496127 0.24741602067183463 0.09948320413436693 0.05297157622739018
0 0.2351421188630491 0.4347545219638243 0.06718346253229975 0.05555555555555555
0 0.6363049095607235 0.7545219638242894 0.06589147286821706 0.082687338501292
0 0.789405684754522 0.5574935400516796 0.06201550387596899 0.060723514211886306
0 0.5891472868217055 0.9069767441860465 0.07235142118863049 0.08010335917312661