0 0.6625708884688091 0.14697542533081284 0.06994328922495274 0.06143667296786389
0 0.0888468809073724 0.33648393194706994 0.04158790170132325 0.07750472589792061
0 0.1899810964083176 0.2608695652173913 0.06427221172022685 0.06049149338374291
0 0.43572778827977315 0.06474480151228733 0.07750472589792061 0.057655954631379965
0 0.47495274102079393 0.3761814744801512 0.0500945179584121 0.06049149338374291
0 0.9300567107750473 0.10207939508506617 0.05671077504725898 0.06805293005671077
0 0.6011342155009451 0.1110586011342155 0.06994328922495274 0.038752362948960305
0 0.11625708884688091 0.31427221172022685 0.05671077504725898 0.09735349716446125
0 0.06143667296786389 0.7665406427221172 0.07183364839319471 0.07372400756143667
0 0.5945179584120983 0.33175803402646503 0.10396975425330812 0.062381852551984876
0 0.722117202268431 0.16918714555765596 0.062381852551984876 0.05860113421550094
0 0.28024574669187147 0.4229678638941399 0.0500945179584121 0.06899810964083176
0 0.4158790170132325 0.3771266540642722 0.062381852551984876 0.07561436672967864
0 0.11058601134215501 0.22258979206049148 0.05671077504725898 0.05198487712665406
0 0.2793005671077505 0.11625708884688091 0.0500945179584121 0.04725897920604915
0 0.6342155009451795 0.9532136105860114 0.062381852551984876 0.07088846880907372