0 0.5689981096408318 0.9248582230623819 0.054820415879017016 0.07277882797731569
0 0.07514177693761814 0.9050094517958412 0.0671077504725898 0.08979206049149338
0 0.14224952741020794 0.8142722117202268 0.0671077504725898 0.06332703213610585
0 0.30340264650283555 0.751890359168242 0.06994328922495274 0.055765595463137994
0 0.3643667296786389 0.7244801512287334 0.07466918714555766 0.08412098298676748
0 0.6417769376181475 0.7296786389413988 0.0831758034026465 0.06427221172022685
0 0.7069943289224953 0.6739130434782609 0.06427221172022685 0.052930056710775046
0 0.5841209829867675 0.6753308128544423 0.07561436672967864 0.0500945179584121
0 0.16493383742911152 0.5935727788279773 0.07466918714555766 0.06049149338374291
0 0.8322306238185255 0.44848771266540643 0.06899810964083176 0.031190926275992438
0 0.8719281663516069 0.3284499054820416 0.06143667296786389 0.07466918714555766
0 0.045841209829867675 0.8114366729678639 0.057655954631379965 0.08412098298676748
0 0.07466918714555766 0.6701323251417769 0.054820415879017016 0.0945179584120983
0 0.15784499054820417 0.46266540642722115 0.05860113421550094 0.08034026465028356
0 0.3435727788279773 0.4116257088846881 0.08601134215500945 0.08601134215500945
0 0.500945179584121 0.45321361058601134 0.06427221172022685 0.07277882797731569
0 0.5945179584120983 0.27977315689981097 0.0831758034026465 0.07183364839319471
0 0.29064272211720227 0.32939508506616255 0.08223062381852551 0.10302457466918714
0 0.7594517958412098 0.6252362948960303 0.07466918714555766 0.05198487712665406
0 0.6517013232514177 0.3511342155009452 0.04253308128544423 0.04253308128544423
0 0.9215500945179584 0.14130434782608695 0.0831758034026465 0.055765595463137994
0 0.4158790170132325 0.3941398865784499 0.04725897920604915 0.0831758034026465
0 0.8624763705103969 0.08979206049149338 0.08979206049149338 0.08695652173913043
0 0.40359168241965976 0.6252362948960303 0.062381852551984876 0.10491493383742911
0 0.7325141776937618 0.4229678638941399 0.06994328922495274 0.048204158790170135
0 0.9276937618147448 0.34120982986767484 0.0500945179584121 0.06427221172022685
0 0.389413988657845 0.31521739130434784 0.06994328922495274 0.05954631379962193
0 0.3780718336483932 0.24149338374291116 0.054820415879017016 0.055765595463137994
0 0.14083175803402648 0.525992438563327 0.03780718336483932 0.09168241965973535
0 0.09924385633270322 0.40359168241965976 0.06049149338374291 0.05671077504725898
0 0.020321361058601134 0.29253308128544425 0.038752362948960305 0.057655954631379965
0 0.4763705103969754 0.6053875236294896 0.04725897920604915 0.04253308128544423
0 0.4976370510396975 0.5543478260869565 0.0444234404536862 0.07655954631379962
0 0.0500945179584121 0.583648393194707 0.043478260869565216 0.06899810964083176
0 0.7367674858223062 0.19801512287334594 0.06332703213610585 0.05387523629489603
0 0.8293950850661626 0.5978260869565217 0.09924385633270322 0.057655954631379965
0 0.7911153119092628 0.4976370510396975 0.09262759924385633 0.055765595463137994
0 0.9650283553875236 0.31379962192816635 0.05103969754253308 0.045368620037807186
0 0.889413988657845 0.2622873345935728 0.0888468809073724 0.0671077504725898
0 0.23582230623818526 0.24196597353497165 0.0444234404536862 0.08506616257088846
0 0.4007561436672968 0.1224007561436673 0.06049149338374291 0.031190926275992438
0 0.5311909262759924 0.360586011342155 0.07372400756143667 0.03497164461247637
0 0.724952741020794 0.3383742911153119 0.06805293005671077 0.06049149338374291
0 0.5448960302457467 0.7362948960302458 0.08223062381852551 0.08695652173913043
0 0.32986767485822305 0.8596408317580341 0.06049149338374291 0.05387523629489603
0 0.9078449905482041 0.5184310018903592 0.07088846880907372 0.0671077504725898
0 0.7670132325141777 0.07325141776937619 0.07466918714555766 0.06143667296786389
0 0.7925330812854442 0.15453686200378072 0.06332703213610585 0.0500945179584121
0 0.6195652173913043 0.20841209829867674 0.057655954631379965 0.0500945179584121
0 0.055293005671077505 0.7703213610586012 0.06143667296786389 0.05103969754253308
0 0.11294896030245746 0.4820415879017013 0.03497164461247637 0.04725897920604915
0 0.45652173913043476 0.5590737240075614 0.05860113421550094 0.057655954631379965
0 0.2523629489603025 0.33506616257088845 0.052930056710775046 0.08034026465028356
0 0.2391304347826087 0.15170132325141777 0.04725897920604915 0.05387523629489603
0 0.4111531190926276 0.5189035916824196 0.04158790170132325 0.07372400756143667
0 0.4168241965973535 0.8785444234404537 0.04725897920604915 0.07088846880907372
0 0.14603024574669188 0.7329867674858223 0.048204158790170135 0.055765595463137994
0 0.11814744801512288 0.29631379962192816 0.0661625708884688 0.0500945179584121
0 0.251890359168242 0.8634215500945179 0.057655954631379965 0.07655954631379962
0 0.19328922495274103 0.7783553875236295 0.06332703213610585 0.055765595463137994
0 0.19092627599243855 0.8241965973534972 0.04158790170132325 0.04158790170132325
0 0.45179584120982985 0.9560491493383743 0.0661625708884688 0.07655954631379962
0 0.4848771266540643 0.23534971644612476 0.05860113421550094 0.04158790170132325
0 0.11578449905482041 0.6465028355387523 0.031190926275992438 0.052930056710775046