0 0.7922998986828774 0.22239108409321176 0.0911854103343465 0.07598784194528875
0 0.8080040526849037 0.1702127659574468 0.06180344478216818 0.05673758865248227
0 0.6570415400202634 0.1595744680851064 0.06990881458966565 0.06788247213779129
0 0.6023302938196555 0.1828774062816616 0.057750759878419454 0.07598784194528875
0 0.12208713272543059 0.16869300911854104 0.05167173252279635 0.05977710233029382
0 0.22745694022289767 0.1094224924012158 0.057750759878419454 0.0668693009118541
0 0.08358662613981763 0.2558257345491388 0.09625126646403243 0.057750759878419454
0 0.0916919959473151 0.5906788247213779 0.047619047619047616 0.11144883485309018
0 0.1033434650455927 0.8865248226950354 0.06889564336372847 0.0729483282674772
0 0.8799392097264438 0.4316109422492401 0.08409321175278622 0.08105369807497467
0 0.3677811550151976 0.4594731509625127 0.0729483282674772 0.0800405268490375
0 0.5045592705167173 0.6980749746707193 0.0790273556231003 0.06889564336372847
0 0.40577507598784196 0.8069908814589666 0.08206686930091185 0.10233029381965553
0 0.5840932117527862 0.8059777102330293 0.08611955420466058 0.09219858156028368
0 0.5055724417426545 0.8682877406281662 0.08915906788247213 0.0790273556231003
0 0.7512664640324215 0.8860182370820668 0.09422492401215805 0.08409321175278622
0 0.8976697061803445 0.9113475177304965 0.0911854103343465 0.08206686930091185
0 0.13627152988855115 0.707193515704154 0.09422492401215805 0.05673758865248227
0 0.17325227963525835 0.9113475177304965 0.060790273556231005 0.07193515704154002
0 0.9539007092198581 0.5364741641337386 0.07193515704154002 0.10233029381965553
0 0.7198581560283688 0.31965552178318135 0.07193515704154002 0.07396149949341439
0 0.3941236068895643 0.33586626139817627 0.06889564336372847 0.05572441742654509
0 0.4726443768996961 0.3465045592705167 0.06180344478216818 0.07092198581560284
0 0.5111448834853091 0.3566362715298885 0.04356636271529889 0.05876393110435663
0 0.34802431610942247 0.13019250253292808 0.05369807497467072 0.06180344478216818
0 0.8500506585612969 0.12563323201621074 0.05876393110435663 0.05876393110435663
0 0.18135764944275581 0.6484295845997974 0.10131712259371833 0.05673758865248227
0 0.2730496453900709 0.38095238095238093 0.07801418439716312 0.05065856129685917
0 0.21833839918946302 0.6210739614994935 0.05167173252279635 0.06281661600810537