0 0.10790273556231003 0.30648429584599796 0.13677811550151975 0.08206686930091185
0 0.12208713272543059 0.3844984802431611 0.07396149949341439 0.09422492401215805
0 0.04812563323201621 0.4341438703140831 0.09422492401215805 0.09827760891590678
0 0.0795339412360689 0.6681864235055724 0.07396149949341439 0.06990881458966565
0 0.22998986828774062 0.6788247213779128 0.0851063829787234 0.0972644376899696
0 0.4214792299898683 0.3454913880445795 0.1033434650455927 0.0911854103343465
0 0.38095238095238093 0.6291793313069909 0.07092198581560284 0.0425531914893617
0 0.668693009118541 0.5531914893617021 0.1033434650455927 0.1033434650455927
0 0.5668693009118541 0.5303951367781155 0.07396149949341439 0.05572441742654509
0 0.6671732522796353 0.3819655521783181 0.06788247213779129 0.07700101317122594
0 0.7847011144883486 0.4817629179331307 0.10638297872340426 0.07598784194528875
0 0.7619047619047619 0.5298885511651469 0.0851063829787234 0.07092198581560284
0 0.8470111448834853 0.12563323201621074 0.0729483282674772 0.0851063829787234
0 0.9331306990881459 0.3971631205673759 0.0790273556231003 0.0790273556231003
0 0.601823708206687 0.6945288753799392 0.07700101317122594 0.07193515704154002
0 0.49949341438703143 0.7421479229989868 0.05065856129685917 0.06585612968591692
0 0.7330293819655522 0.6732522796352584 0.06382978723404255 0.05167173252279635
0 0.7188449848024316 0.2066869300911854 0.08611955420466058 0.060790273556231005
0 0.7993920972644377 0.1458966565349544 0.0668693009118541 0.07700101317122594
0 0.8429584599797366 0.2254305977710233 0.0364741641337386 0.04154002026342452
0 0.0243161094224924 0.8647416413373861 0.03850050658561297 0.05572441742654509
0 0.2862208713272543 0.809017223910841 0.0800405268490375 0.06382978723404255
0 0.4199594731509625 0.48936170212765956 0.05572441742654509 0.0486322188449848
0 0.4199594731509625 0.42249240121580545 0.06585612968591692 0.060790273556231005
0 0.6246200607902735 0.6129685916919959 0.08206686930091185 0.07700101317122594
0 0.0795339412360689 0.5050658561296859 0.08611955420466058 0.06180344478216818
0 0.14437689969604864 0.9716312056737588 0.07396149949341439 0.05065856129685917
0 0.49544072948328266 0.8171225937183384 0.05065856129685917 0.04559270516717325