0 0.3738601823708207 0.6134751773049646 0.03850050658561297 0.031408308004052685
0 0.9508611955420466 0.9625126646403243 0.07193515704154002 0.06484295845997974
0 0.7563323201621074 0.878419452887538 0.05977710233029382 0.06484295845997974
0 0.5861195542046606 0.9300911854103343 0.06788247213779129 0.0486322188449848
0 0.6616008105369807 0.8069908814589666 0.07497467071935157 0.05977710233029382
0 0.7152988855116514 0.5881458966565349 0.06281661600810537 0.057750759878419454
0 0.3576494427558257 0.7051671732522796 0.0729483282674772 0.05268490374873354
0 0.30851063829787234 0.668693009118541 0.07598784194528875 0.06281661600810537
0 0.40678824721377915 0.6453900709219859 0.04154002026342452 0.0547112462006079
0 0.6808510638297872 0.44174265450861194 0.0547112462006079 0.06484295845997974
0 0.07092198581560284 0.9630192502532928 0.06281661600810537 0.04559270516717325
0 0.07852077001013172 0.8632218844984803 0.03951367781155015 0.0486322188449848
0 0.32066869300911854 0.6170212765957447 0.04559270516717325 0.05268490374873354
0 0.34802431610942247 0.4088145896656535 0.06180344478216818 0.04964539007092199
0 0.3110435663627153 0.27811550151975684 0.0486322188449848 0.05977710233029382
0 0.39159067882472137 0.27203647416413373 0.05167173252279635 0.05167173252279635
0 0.10790273556231003 0.5861195542046606 0.06585612968591692 0.05572441742654509
0 0.7644376899696048 0.08156028368794327 0.057750759878419454 0.05167173252279635
0 0.538500506585613 0.31155015197568386 0.07193515704154002 0.05167173252279635
0 0.13272543059777103 0.28318135764944274 0.060790273556231005 0.07193515704154002
0 0.3738601823708207 0.9199594731509625 0.05268490374873354 0.0486322188449848
0 0.40070921985815605 0.9655521783181358 0.03546099290780142 0.0486322188449848
0 0.5334346504559271 0.9518743667679838 0.05572441742654509 0.05572441742654509
0 0.5010131712259371 0.5283687943262412 0.08206686930091185 0.04964539007092199
0 0.47315096251266464 0.4706180344478217 0.0486322188449848 0.05977710233029382
0 0.3120567375886525 0.5400202634245187 0.030395136778115502 0.0425531914893617
0 0.34498480243161095 0.5724417426545086 0.04154002026342452 0.04660587639311044
0 0.4807497467071935 0.22036474164133737 0.057750759878419454 0.05572441742654509
0 0.7862208713272543 0.2983789260385005 0.0486322188449848 0.04154002026342452
0 0.3617021276595745 0.9690982776089159 0.04660587639311044 0.04964539007092199
0 0.2801418439716312 0.8951367781155015 0.05167173252279635 0.057750759878419454
0 0.19300911854103345 0.8348530901722391 0.06585612968591692 0.0364741641337386
0 0.8247213779128673 0.9701114488348531 0.06281661600810537 0.04356636271529889
0 0.054204660587639314 0.22897669706180346 0.06180344478216818 0.04660587639311044
0 0.04305977710233029 0.28318135764944274 0.057750759878419454 0.05167173252279635
0 0.1514690982776089 0.5957446808510638 0.029381965552178316 0.0547112462006079
0 0.648936170212766 0.41691995947315097 0.04559270516717325 0.03546099290780142
0 0.5552178318135765 0.6818642350557245 0.05876393110435663 0.0547112462006079
0 0.1950354609929078 0.24721377912867273 0.06180344478216818 0.0486322188449848
0 0.04305977710233029 0.853596757852077 0.04964539007092199 0.04559270516717325
0 0.0486322188449848 0.6013171225937184 0.04660587639311044 0.05167173252279635
0 0.146403242147923 0.5106382978723404 0.07801418439716312 0.0547112462006079
0 0.6560283687943262 0.6691995947315096 0.05572441742654509 0.05167173252279635
0 0.04305977710233029 0.6884498480243161 0.06180344478216818 0.07193515704154002
0 0.48733535967578523 0.3667679837892604 0.0790273556231003 0.0729483282674772
0 0.19098277608915906 0.10688956433637285 0.08206686930091185 0.04964539007092199
0 0.6864235055724417 0.6580547112462006 0.06788247213779129 0.06180344478216818
0 0.8100303951367781 0.8216818642350557 0.05977710233029382 0.10131712259371833
0 0.8900709219858156 0.8181357649442755 0.06180344478216818 0.08206686930091185
0 0.4918946301925025 0.583080040526849 0.06180344478216818 0.06788247213779129
0 0.5653495440729484 0.5658561296859169 0.0668693009118541 0.04559270516717325
0 0.5040526849037488 0.6362715298885512 0.09422492401215805 0.08105369807497467
0 0.4341438703140831 0.47720364741641336 0.04964539007092199 0.05268490374873354
0 0.5957446808510638 0.06990881458966565 0.07497467071935157 0.0547112462006079
0 0.2801418439716312 0.0800405268490375 0.08409321175278622 0.0547112462006079
0 0.19047619047619047 0.6889564336372846 0.06281661600810537 0.06889564336372847
0 0.04002026342451875 0.5455927051671733 0.05572441742654509 0.057750759878419454
0 0.5982776089159068 0.1894630192502533 0.057750759878419454 0.05876393110435663
0 0.45491388044579534 0.1393110435663627 0.0851063829787234 0.05977710233029382
0 0.29027355623100304 0.15045592705167174 0.08409321175278622 0.06585612968591692
0 0.13627152988855115 0.20567375886524822 0.06788247213779129 0.06281661600810537
0 0.7948328267477204 0.1580547112462006 0.06585612968591692 0.0790273556231003
0 0.6798378926038501 0.21833839918946302 0.07092198581560284 0.06585612968591692
0 0.8323201621073961 0.5835866261398176 0.04559270516717325 0.06889564336372847
0 0.1276595744680851 0.09675785207700101 0.0547112462006079 0.06788247213779129
0 0.19098277608915906 0.39361702127659576 0.05572441742654509 0.04356636271529889
0 0.41691995947315097 0.8363728470111449 0.04964539007092199 0.057750759878419454
0 0.09270516717325228 0.6899696048632219 0.07193515704154002 0.0729483282674772