0 0.9736575481256332 0.06788247213779129 0.0425531914893617 0.044579533941236066
0 0.3181357649442756 0.3105369807497467 0.03850050658561297 0.03343465045592705
0 0.6342451874366768 0.22087132725430597 0.034447821681864235 0.034447821681864235
0 0.4508611955420466 0.24518743667679838 0.05268490374873354 0.0425531914893617
0 0.3009118541033435 0.22391084093211752 0.0425531914893617 0.034447821681864235
0 0.8763931104356636 0.6165146909827761 0.0486322188449848 0.06180344478216818
0 0.2315096251266464 0.6286727456940223 0.05977710233029382 0.05572441742654509
0 0.1286727456940223 0.6585612968591692 0.0547112462006079 0.05268490374873354
0 0.11448834853090173 0.583080040526849 0.0547112462006079 0.05572441742654509
0 0.2750759878419453 0.5435663627152989 0.05977710233029382 0.05977710233029382
0 0.5440729483282675 0.4518743667679838 0.0425531914893617 0.05268490374873354
0 0.5795339412360689 0.342451874366768 0.05268490374873354 0.05268490374873354
0 0.5567375886524822 0.28318135764944274 0.04964539007092199 0.04964539007092199
0 0.6762917933130699 0.18591691995947315 0.05167173252279635 0.05167173252279635
0 0.9736575481256332 0.06788247213779129 0.0425531914893617 0.044579533941236066
0 0.3181357649442756 0.3105369807497467 0.03850050658561297 0.03343465045592705
0 0.09371833839918946 0.0911854103343465 0.05572441742654509 0.04660587639311044
0 0.4726443768996961 0.031408308004052685 0.057750759878419454 0.0547112462006079
0 0.6342451874366768 0.22087132725430597 0.034447821681864235 0.034447821681864235
0 0.6367781155015197 0.11043566362715299 0.04964539007092199 0.04660587639311044
0 0.6747720364741642 0.6246200607902735 0.06889564336372847 0.05167173252279635
0 0.08814589665653495 0.34903748733535966 0.07092198581560284 0.05167173252279635
0 0.6732522796352584 0.516210739614995 0.07193515704154002 0.04356636271529889
0 0.779128672745694 0.5724417426545086 0.03850050658561297 0.0425531914893617
0 0.15501519756838905 0.04812563323201621 0.0364741641337386 0.06180344478216818
0 0.596757852077001 0.29432624113475175 0.0486322188449848 0.03951367781155015
0 0.5121580547112462 0.19250253292806485 0.057750759878419454 0.0364741641337386
0 0.19908814589665655 0.1773049645390071 0.04356636271529889 0.03850050658561297
0 0.04204660587639311 0.46403242147923 0.04964539007092199 0.04660587639311044
0 0.2137791286727457 0.13627152988855115 0.0425531914893617 0.03951367781155015
0 0.450354609929078 0.09878419452887538 0.04356636271529889 0.05977710233029382
0 0.44782168186423504 0.46048632218844987 0.05268490374873354 0.04356636271529889
0 0.44832826747720367 0.36879432624113473 0.04964539007092199 0.04660587639311044
0 0.1514690982776089 0.3465045592705167 0.05572441742654509 0.04660587639311044
0 0.7963525835866262 0.48024316109422494 0.0486322188449848 0.0729483282674772
0 0.24620060790273557 0.389564336372847 0.030395136778115502 0.05167173252279635
0 0.2613981762917933 0.3981762917933131 0.0364741641337386 0.05876393110435663
0 0.4508611955420466 0.24518743667679838 0.05268490374873354 0.0425531914893617
0 0.8257345491388045 0.26646403242147926 0.030395136778115502 0.05268490374873354
0 0.35207700101317124 0.07852077001013172 0.07598784194528875 0.057750759878419454
0 0.7092198581560284 0.07142857142857142 0.05876393110435663 0.05167173252279635
0 0.3009118541033435 0.22391084093211752 0.0425531914893617 0.034447821681864235
0 0.1691995947315096 0.25329280648429586 0.07092198581560284 0.05673758865248227
0 0.10739614994934144 0.22644376899696048 0.06484295845997974 0.06180344478216818
0 0.24569402228976697 0.19858156028368795 0.04154002026342452 0.0668693009118541
0 0.6180344478216818 0.3905775075987842 0.05876393110435663 0.037487335359675786
0 0.682370820668693 0.42401215805471126 0.07598784194528875 0.05572441742654509
0 0.1641337386018237 0.549645390070922 0.0486322188449848 0.06585612968591692
0 0.03090172239108409 0.5455927051671733 0.05572441742654509 0.05167173252279635
0 0.3161094224924012 0.3495440729483283 0.05876393110435663 0.040526849037487336
0 0.6504559270516718 0.2608915906788247 0.0790273556231003 0.04964539007092199
0 0.8708206686930091 0.5288753799392097 0.05977710233029382 0.06889564336372847
0 0.8389057750759878 0.7360688956433638 0.0486322188449848 0.05572441742654509
0 0.3789260385005066 0.2507598784194529 0.0486322188449848 0.05572441742654509
0 0.05927051671732523 0.8409321175278622 0.06585612968591692 0.06484295845997974
0 0.39463019250253295 0.8449848024316109 0.07801418439716312 0.07092198581560284
0 0.4452887537993921 0.9539007092198581 0.06585612968591692 0.057750759878419454
0 0.5207700101317123 0.5177304964539007 0.0547112462006079 0.0486322188449848
0 0.786727456940223 0.041033434650455926 0.07598784194528875 0.057750759878419454
0 0.8905775075987842 0.6555217831813577 0.07092198581560284 0.0547112462006079
0 0.24620060790273557 0.475177304964539 0.0547112462006079 0.0486322188449848
0 0.20466058763931105 0.42350557244174264 0.0547112462006079 0.0547112462006079
0 0.06636271529888552 0.2983789260385005 0.05977710233029382 0.05977710233029382
0 0.3617021276595745 0.45491388044579534 0.06889564336372847 0.05876393110435663
0 0.07446808510638298 0.14792299898682879 0.07193515704154002 0.0547112462006079
0 0.7847011144883486 0.8297872340425532 0.057750759878419454 0.06484295845997974
0 0.6413373860182371 0.31661600810536983 0.05268490374873354 0.04964539007092199
0 0.06838905775075987 0.0790273556231003 0.03951367781155015 0.03850050658561297