0 0.2786220871327254 0.11144883485309018 0.07700101317122594 0.0425531914893617
0 0.560790273556231 0.10638297872340426 0.057750759878419454 0.05876393110435663
0 0.0845997973657548 0.1651469098277609 0.08409321175278622 0.040526849037487336
0 0.05319148936170213 0.24670719351570417 0.057750759878419454 0.04154002026342452
0 0.11803444782168186 0.11296859169199595 0.03343465045592705 0.06585612968591692
0 0.9437689969604863 0.6874366767983789 0.05167173252279635 0.04559270516717325
0 0.8581560283687943 0.8606889564336373 0.0668693009118541 0.047619047619047616
0 0.11195542046605876 0.6119554204660588 0.04964539007092199 0.0547112462006079
0 0.08105369807497467 0.7203647416413373 0.06484295845997974 0.06484295845997974
0 0.4397163120567376 0.43667679837892603 0.06281661600810537 0.0547112462006079
0 0.5197568389057751 0.5116514690982776 0.06281661600810537 0.0486322188449848
0 0.20820668693009117 0.22492401215805471 0.047619047619047616 0.034447821681864235
0 0.09473150962512665 0.5227963525835866 0.057750759878419454 0.030395136778115502
0 0.11398176291793313 0.5415400202634245 0.06180344478216818 0.04964539007092199
0 0.2259371833839919 0.09270516717325228 0.034447821681864235 0.04559270516717325
0 0.14842958459979735 0.15653495440729484 0.03546099290780142 0.04964539007092199
0 0.7147922998986829 0.12208713272543059 0.05167173252279635 0.04559270516717325
0 0.809017223910841 0.13221884498480244 0.05977710233029382 0.047619047619047616
0 0.13323201621073963 0.7446808510638298 0.05167173252279635 0.0425531914893617
0 0.3029381965552178 0.9311043566362716 0.03850050658561297 0.028368794326241134
0 0.46099290780141844 0.037487335359675786 0.0486322188449848 0.05876393110435663
0 0.9402228976697061 0.7725430597771024 0.06281661600810537 0.04154002026342452
0 0.7933130699088146 0.8080040526849037 0.06484295845997974 0.031408308004052685
0 0.8693009118541033 0.7619047619047619 0.0547112462006079 0.034447821681864235
0 0.4918946301925025 0.6980749746707193 0.05167173252279635 0.0486322188449848
0 0.36524822695035464 0.37436676798378926 0.05977710233029382 0.047619047619047616
0 0.10081053698074975 0.3282674772036474 0.05167173252279635 0.028368794326241134
0 0.5678824721377913 0.6651469098277609 0.057750759878419454 0.037487335359675786
0 0.7624113475177305 0.034954407294832825 0.05572441742654509 0.06180344478216818
0 0.9361702127659575 0.6063829787234043 0.06889564336372847 0.04964539007092199
0 0.8728470111448835 0.10283687943262411 0.057750759878419454 0.04154002026342452
0 0.6291793313069909 0.898176291793313 0.060790273556231005 0.04964539007092199
0 0.6560283687943262 0.7112462006079028 0.057750759878419454 0.0486322188449848
0 0.6783181357649443 0.6210739614994935 0.05977710233029382 0.0486322188449848
0 0.6499493414387031 0.4584599797365755 0.06382978723404255 0.05572441742654509
0 0.5450861195542046 0.7173252279635258 0.05268490374873354 0.0486322188449848
0 0.43617021276595747 0.7173252279635258 0.04964539007092199 0.040526849037487336
0 0.22340425531914893 0.6114488348530902 0.05167173252279635 0.05977710233029382
0 0.21783181357649442 0.5324214792299898 0.04660587639311044 0.04964539007092199
0 0.331306990881459 0.05369807497467072 0.06889564336372847 0.040526849037487336
0 0.08814589665653495 0.5845997973657548 0.060790273556231005 0.0486322188449848
0 0.5688956433637284 0.33687943262411346 0.04356636271529889 0.04154002026342452
0 0.6727456940222898 0.23404255319148937 0.044579533941236066 0.03850050658561297
0 0.5927051671732523 0.28368794326241137 0.03850050658561297 0.040526849037487336
0 0.5521783181357649 0.27710233029381964 0.03242147922998987 0.04154002026342452
0 0.2968591691995947 0.32370820668693007 0.03242147922998987 0.04154002026342452
0 0.3444782168186423 0.31560283687943264 0.044579533941236066 0.04356636271529889
0 0.2968591691995947 0.15602836879432624 0.044579533941236066 0.05268490374873354
0 0.48024316109422494 0.16261398176291794 0.060790273556231005 0.03546099290780142
0 0.577001013171226 0.14944275582573455 0.04964539007092199 0.04154002026342452
0 0.1453900709219858 0.05572441742654509 0.04559270516717325 0.03850050658561297
0 0.6165146909827761 0.20314083080040526 0.047619047619047616 0.03343465045592705
0 0.0977710233029382 0.6519756838905775 0.04559270516717325 0.03951367781155015