0 0.31762917933130697 0.3161094224924012 0.06180344478216818 0.040526849037487336
0 0.17831813576494426 0.3601823708206687 0.0851063829787234 0.04154002026342452
0 0.160081053698075 0.3323201621073962 0.034447821681864235 0.05876393110435663
0 0.1519756838905775 0.5263424518743668 0.0790273556231003 0.05167173252279635
0 0.05623100303951368 0.7117527862208713 0.04559270516717325 0.05572441742654509
0 0.24569402228976697 0.7021276595744681 0.047619047619047616 0.0425531914893617
0 0.23606889564336372 0.5131712259371833 0.05268490374873354 0.05977710233029382
0 0.4457953394123607 0.7593718338399189 0.05065856129685917 0.06382978723404255
0 0.1347517730496454 0.9108409321175278 0.0486322188449848 0.0425531914893617
0 0.3191489361702128 0.8986828774062816 0.05065856129685917 0.0425531914893617
0 0.06028368794326241 0.7720364741641338 0.057750759878419454 0.0547112462006079
0 0.6474164133738601 0.9012158054711246 0.04660587639311044 0.06180344478216818
0 0.7411347517730497 0.7958459979736575 0.06585612968591692 0.047619047619047616
0 0.9057750759878419 0.4402228976697062 0.05065856129685917 0.047619047619047616
0 0.78419452887538 0.5258358662613982 0.05673758865248227 0.06281661600810537
0 0.7603850050658562 0.5896656534954408 0.05167173252279635 0.05065856129685917
0 0.7001013171225937 0.6367781155015197 0.06889564336372847 0.03343465045592705
0 0.6950354609929078 0.6773049645390071 0.040526849037487336 0.05369807497467072
0 0.5460992907801419 0.5921985815602837 0.05673758865248227 0.047619047619047616
0 0.5734549138804458 0.5668693009118541 0.040526849037487336 0.04356636271529889
0 0.6063829787234043 0.5369807497467072 0.06585612968591692 0.06281661600810537
0 0.6089159067882473 0.39868287740628167 0.04660587639311044 0.047619047619047616
0 0.6783181357649443 0.3414387031408308 0.06180344478216818 0.0486322188449848
0 0.6423505572441742 0.3009118541033435 0.0547112462006079 0.0668693009118541
0 0.6767983789260384 0.270516717325228 0.0547112462006079 0.05065856129685917
0 0.3890577507598784 0.30851063829787234 0.05065856129685917 0.037487335359675786
0 0.425531914893617 0.2608915906788247 0.0547112462006079 0.04356636271529889
0 0.43059777102330293 0.30344478216818643 0.044579533941236066 0.04356636271529889
0 0.5876393110435664 0.27102330293819654 0.0486322188449848 0.04154002026342452
0 0.06940222897669707 0.22087132725430597 0.06788247213779129 0.030395136778115502
0 0.05521783181357649 0.26595744680851063 0.04356636271529889 0.03951367781155015
0 0.6980749746707193 0.5699088145896657 0.0364741641337386 0.05572441742654509
0 0.43059777102330293 0.8216818642350557 0.05065856129685917 0.05268490374873354
0 0.38551165146909827 0.9609929078014184 0.04559270516717325 0.05167173252279635
0 0.5182370820668692 0.7147922998986829 0.06585612968591692 0.07396149949341439
0 0.7173252279635258 0.41742654508611954 0.06484295845997974 0.09523809523809523
0 0.5460992907801419 0.4513677811550152 0.044579533941236066 0.06180344478216818
0 0.8723404255319149 0.18591691995947315 0.04660587639311044 0.037487335359675786
0 0.49949341438703143 0.3120567375886525 0.05268490374873354 0.05065856129685917
0 0.057244174265450865 0.5116514690982776 0.05369807497467072 0.04660587639311044
0 0.04812563323201621 0.4452887537993921 0.057750759878419454 0.06382978723404255
0 0.2548125633232016 0.24518743667679838 0.05572441742654509 0.044579533941236066
0 0.28368794326241137 0.1955420466058764 0.04660587639311044 0.0486322188449848
0 0.36524822695035464 0.11043566362715299 0.047619047619047616 0.04660587639311044
0 0.33485309017223913 0.7239108409321175 0.04559270516717325 0.06382978723404255
0 0.8009118541033434 0.6560283687943262 0.057750759878419454 0.057750759878419454
0 0.8292806484295846 0.837386018237082 0.06180344478216818 0.03546099290780142
0 0.8125633232016211 0.9711246200607903 0.05268490374873354 0.047619047619047616
0 0.713272543059777 0.9260385005065856 0.06281661600810537 0.06889564336372847
0 0.574468085106383 0.7659574468085106 0.05876393110435663 0.044579533941236066
0 0.29584599797365757 0.9564336372847011 0.05876393110435663 0.06889564336372847
0 0.03596757852077001 0.5876393110435664 0.06990881458966565 0.0729483282674772
0 0.9381965552178319 0.5455927051671733 0.08105369807497467 0.05369807497467072
0 0.9346504559270516 0.4848024316109423 0.0800405268490375 0.05167173252279635
0 0.4270516717325228 0.9184397163120568 0.05369807497467072 0.07193515704154002
0 0.39868287740628167 0.6899696048632219 0.07193515704154002 0.05876393110435663
0 0.9437689969604863 0.6433637284701115 0.06180344478216818 0.060790273556231005
0 0.8297872340425532 0.9067882472137792 0.06889564336372847 0.0486322188449848
0 0.8080040526849037 0.9361702127659575 0.09422492401215805 0.04660587639311044
0 0.5045592705167173 0.9174265450861195 0.060790273556231005 0.05572441742654509
0 0.38044579533941236 0.7411347517730497 0.04559270516717325 0.06382978723404255
0 0.09523809523809523 0.5927051671732523 0.0486322188449848 0.0486322188449848
0 0.2887537993920973 0.5861195542046606 0.0790273556231003 0.06382978723404255
0 0.3292806484295846 0.47416413373860183 0.05065856129685917 0.060790273556231005
0 0.513677811550152 0.36220871327254306 0.04660587639311044 0.04559270516717325
0 0.43617021276595747 0.05521783181357649 0.05167173252279635 0.04559270516717325
0 0.4746707193515704 0.06180344478216818 0.06585612968591692 0.04660587639311044
0 0.8095238095238095 0.11651469098277609 0.05876393110435663 0.05065856129685917
0 0.9138804457953394 0.331306990881459 0.05673758865248227 0.04660587639311044
0 0.8338399189463019 0.06484295845997974 0.04660587639311044 0.05673758865248227
0 0.9523809523809523 0.1818642350557244 0.05876393110435663 0.05167173252279635
0 0.2907801418439716 0.7006079027355623 0.04660587639311044 0.05572441742654509
0 0.15045592705167174 0.5790273556231003 0.07193515704154002 0.05572441742654509
0 0.040526849037487336 0.837386018237082 0.0668693009118541 0.08206686930091185