0 0.6038500506585613 0.8080040526849037 0.05268490374873354 0.05167173252279635
0 0.6641337386018237 0.8130699088145896 0.07598784194528875 0.04964539007092199
0 0.9513677811550152 0.6276595744680851 0.06889564336372847 0.07193515704154002
0 0.7269503546099291 0.939209726443769 0.09017223910840932 0.10131712259371833
0 0.9371833839918946 0.8206686930091185 0.06281661600810537 0.044579533941236066
0 0.6843971631205674 0.5709219858156028 0.04154002026342452 0.06180344478216818
0 0.1540020263424519 0.7401215805471124 0.05268490374873354 0.04964539007092199
0 0.4336372847011145 0.5070921985815603 0.05268490374873354 0.05167173252279635
0 0.45491388044579534 0.6261398176291794 0.09321175278622088 0.08308004052684904
0 0.3606889564336373 0.5805471124620061 0.05876393110435663 0.06281661600810537
0 0.1838905775075988 0.6925025329280649 0.07598784194528875 0.047619047619047616
0 0.5643363728470111 0.729483282674772 0.05268490374873354 0.040526849037487336
0 0.5010131712259371 0.7558257345491388 0.05572441742654509 0.05268490374873354
0 0.6038500506585613 0.5668693009118541 0.05268490374873354 0.03951367781155015
0 0.8404255319148937 0.40577507598784196 0.04559270516717325 0.0800405268490375
0 0.7213779128672746 0.4736575481256332 0.11347517730496454 0.07801418439716312
0 0.1838905775075988 0.6312056737588653 0.07396149949341439 0.03850050658561297
0 0.6661600810536981 0.33586626139817627 0.07801418439716312 0.07396149949341439
0 0.7750759878419453 0.3302938196555218 0.0547112462006079 0.040526849037487336
0 0.39361702127659576 0.34397163120567376 0.047619047619047616 0.06990881458966565
0 0.5729483282674772 0.05319148936170213 0.04559270516717325 0.04559270516717325
0 0.15450861195542046 0.41742654508611954 0.0800405268490375 0.06484295845997974
0 0.14437689969604864 0.12512664640324214 0.06585612968591692 0.04559270516717325
0 0.2127659574468085 0.1337386018237082 0.05065856129685917 0.05065856129685917
0 0.5233029381965553 0.364741641337386 0.03951367781155015 0.05876393110435663
0 0.29128672745694023 0.7203647416413373 0.07801418439716312 0.060790273556231005
0 0.03850050658561297 0.1940222897669706 0.05876393110435663 0.07396149949341439
0 0.9508611955420466 0.256838905775076 0.08814589665653495 0.057750759878419454
0 0.9452887537993921 0.05369807497467072 0.028368794326241134 0.05065856129685917
0 0.9057750759878419 0.331306990881459 0.06281661600810537 0.0972644376899696
0 0.36271529888551163 0.4463019250253293 0.0486322188449848 0.047619047619047616
0 0.3774062816616008 0.790273556231003 0.06990881458966565 0.0547112462006079
0 0.22036474164133737 0.7502532928064843 0.05572441742654509 0.06990881458966565
0 0.04356636271529889 0.7786220871327254 0.07092198581560284 0.04559270516717325
0 0.10030395136778116 0.3768996960486322 0.06281661600810537 0.05268490374873354
0 0.18490374873353596 0.1889564336372847 0.057750759878419454 0.05572441742654509
0 0.29128672745694023 0.19959473150962512 0.057750759878419454 0.05876393110435663
0 0.06585612968591692 0.2507598784194529 0.05876393110435663 0.04559270516717325
0 0.5780141843971631 0.24569402228976697 0.04356636271529889 0.0800405268490375
0 0.6676798378926039 0.12917933130699089 0.05268490374873354 0.06585612968591692
0 0.5354609929078015 0.5866261398176292 0.06585612968591692 0.05876393110435663
0 0.7958459979736575 0.20921985815602837 0.06382978723404255 0.05572441742654509
0 0.24316109422492402 0.6388044579533941 0.044579533941236066 0.08409321175278622
0 0.23860182370820668 0.8226950354609929 0.06585612968591692 0.05065856129685917
0 0.5364741641337386 0.6595744680851063 0.05167173252279635 0.0547112462006079
0 0.13272543059777103 0.24316109422492402 0.05065856129685917 0.0364741641337386
0 0.1778115501519757 0.24062816616008106 0.04356636271529889 0.03951367781155015
0 0.24620060790273557 0.1529888551165147 0.0547112462006079 0.0547112462006079
0 0.7684903748733536 0.7537993920972644 0.06585612968591692 0.0547112462006079
0 0.42299898682877407 0.28520770010131713 0.03951367781155015 0.04559270516717325
0 0.36879432624113473 0.2684903748733536 0.044579533941236066 0.0547112462006079
0 0.9483282674772037 0.1524822695035461 0.04660587639311044 0.05167173252279635
0 0.6676798378926039 0.06484295845997974 0.060790273556231005 0.040526849037487336
0 0.6828774062816616 0.19047619047619047 0.0364741641337386 0.04660587639311044
0 0.4088145896656535 0.17477203647416414 0.057750759878419454 0.05167173252279635
0 0.24164133738601823 0.9103343465045592 0.04964539007092199 0.03546099290780142
0 0.40070921985815605 0.9746707193515705 0.07193515704154002 0.04660587639311044
0 0.44275582573454914 0.9159067882472138 0.03850050658561297 0.04660587639311044
0 0.5187436676798379 0.690982776089159 0.0486322188449848 0.05268490374873354
0 0.8525835866261399 0.7933130699088146 0.07193515704154002 0.04660587639311044
0 0.09473150962512665 0.8495440729483282 0.05167173252279635 0.05572441742654509