0 0.04711246200607903 0.06636271529888552 0.05167173252279635 0.047619047619047616
0 0.41641337386018235 0.030395136778115502 0.06484295845997974 0.040526849037487336
0 0.4321175278622087 0.12006079027355623 0.057750759878419454 0.047619047619047616
0 0.2998986828774063 0.1889564336372847 0.060790273556231005 0.05167173252279635
0 0.07548125633232017 0.20263424518743667 0.09625126646403243 0.05673758865248227
0 0.160081053698075 0.3221884498480243 0.05268490374873354 0.05268490374873354
0 0.23100303951367782 0.30851063829787234 0.0486322188449848 0.047619047619047616
0 0.3272543059777102 0.3475177304964539 0.0729483282674772 0.05268490374873354
0 0.49949341438703143 0.3373860182370821 0.0729483282674772 0.05065856129685917
0 0.5638297872340425 0.3221884498480243 0.05977710233029382 0.05268490374873354
0 0.5820668693009119 0.2735562310030395 0.03546099290780142 0.0547112462006079
0 0.5131712259371833 0.25379939209726443 0.05572441742654509 0.057750759878419454
0 0.5982776089159068 0.2016210739614995 0.06180344478216818 0.04660587639311044
0 0.577001013171226 0.37639311043566365 0.057750759878419454 0.05167173252279635
0 0.7446808510638298 0.3495440729483283 0.05268490374873354 0.05673758865248227
0 0.8459979736575481 0.18439716312056736 0.05673758865248227 0.05065856129685917
0 0.8900709219858156 0.2674772036474164 0.047619047619047616 0.040526849037487336
0 0.8404255319148937 0.3525835866261398 0.05977710233029382 0.07497467071935157
0 0.8546099290780141 0.1276595744680851 0.05572441742654509 0.040526849037487336
0 0.9447821681864235 0.0486322188449848 0.07193515704154002 0.0425531914893617
0 0.24772036474164133 0.450354609929078 0.07801418439716312 0.09422492401215805
0 0.2993920972644377 0.5455927051671733 0.09017223910840932 0.07193515704154002
0 0.4533941236068896 0.46808510638297873 0.05167173252279635 0.0547112462006079
0 0.5364741641337386 0.5283687943262412 0.07193515704154002 0.06382978723404255
0 0.621580547112462 0.5466058763931104 0.05977710233029382 0.06990881458966565
0 0.8120567375886525 0.5405268490374874 0.05167173252279635 0.06788247213779129
0 0.7548125633232016 0.47922998986828774 0.040526849037487336 0.05673758865248227
0 0.6195542046605876 0.42958459979736574 0.06788247213779129 0.060790273556231005
0 0.3414387031408308 0.4696048632218845 0.044579533941236066 0.08814589665653495
0 0.3799392097264438 0.3475177304964539 0.02634245187436677 0.04660587639311044
0 0.23049645390070922 0.5521783181357649 0.06990881458966565 0.05065856129685917
0 0.3414387031408308 0.6271529888551165 0.060790273556231005 0.05065856129685917
0 0.3221884498480243 0.7092198581560284 0.0486322188449848 0.05673758865248227
0 0.21833839918946302 0.754305977710233 0.06382978723404255 0.06788247213779129
0 0.2684903748733536 0.7041540020263425 0.044579533941236066 0.0729483282674772
0 0.12056737588652482 0.6094224924012158 0.06484295845997974 0.057750759878419454
0 0.14488348530901723 0.3728470111448835 0.0729483282674772 0.0425531914893617
0 0.7152988855116514 0.7168186423505573 0.0547112462006079 0.08611955420466058
0 0.684903748733536 0.6540020263424519 0.060790273556231005 0.05167173252279635
0 0.6767983789260384 0.5354609929078015 0.0547112462006079 0.03343465045592705
0 0.8004052684903749 0.7325227963525835 0.040526849037487336 0.060790273556231005
0 0.7912867274569402 0.8723404255319149 0.060790273556231005 0.03850050658561297
0 0.7689969604863222 0.9574468085106383 0.040526849037487336 0.07700101317122594
0 0.7173252279635258 0.8642350557244174 0.04660587639311044 0.05065856129685917
0 0.6995947315096251 0.9478216818642351 0.07193515704154002 0.057750759878419454
0 0.5896656534954408 0.9696048632218845 0.05268490374873354 0.0547112462006079
0 0.6124620060790273 0.9290780141843972 0.06180344478216818 0.0547112462006079
0 0.5339412360688957 0.8936170212765957 0.05673758865248227 0.0547112462006079
0 0.5065856129685917 0.8206686930091185 0.05268490374873354 0.0729483282674772
0 0.6575481256332321 0.7948328267477204 0.05268490374873354 0.05167173252279635
0 0.6681864235055724 0.837386018237082 0.06990881458966565 0.029381965552178316
0 0.6443768996960486 0.8581560283687943 0.0486322188449848 0.05268490374873354
0 0.6134751773049646 0.7446808510638298 0.057750759878419454 0.044579533941236066
0 0.15602836879432624 0.9533941236068896 0.05065856129685917 0.04660587639311044
0 0.45997973657548125 0.8926038500506586 0.05673758865248227 0.044579533941236066
0 0.34295845997973656 0.8232016210739616 0.047619047619047616 0.04356636271529889
0 0.378419452887538 0.8637284701114488 0.047619047619047616 0.03951367781155015
0 0.09574468085106383 0.6656534954407295 0.05167173252279635 0.05673758865248227
0 0.16160081053698075 0.7771023302938197 0.047619047619047616 0.04660587639311044
0 0.4706180344478217 0.693515704154002 0.05167173252279635 0.03343465045592705
0 0.9660587639311043 0.27811550151975684 0.06585612968591692 0.04964539007092199
0 0.22796352583586627 0.8809523809523809 0.06281661600810537 0.03343465045592705
0 0.05572441742654509 0.7892603850050659 0.0729483282674772 0.05268490374873354
0 0.14792299898682879 0.8865248226950354 0.05876393110435663 0.044579533941236066
0 0.10688956433637285 0.8910840932117527 0.057750759878419454 0.04154002026342452
0 0.0668693009118541 0.9042553191489362 0.05065856129685917 0.04356636271529889
0 0.15704154002026344 0.6595744680851063 0.0729483282674772 0.044579533941236066
0 0.21175278622087132 0.6195542046605876 0.06889564336372847 0.057750759878419454
0 0.4716312056737589 0.054204660587639314 0.07396149949341439 0.03951367781155015
0 0.8318135764944276 0.07193515704154002 0.07497467071935157 0.0547112462006079
0 0.4827760891590679 0.5906788247213779 0.05167173252279635 0.0547112462006079
0 0.15096251266464034 0.8130699088145896 0.0486322188449848 0.04964539007092199
0 0.06636271529888552 0.5977710233029382 0.04964539007092199 0.04660587639311044
0 0.40476190476190477 0.8221884498480243 0.04964539007092199 0.04964539007092199
0 0.684903748733536 0.5886524822695035 0.03850050658561297 0.0547112462006079
0 0.8009118541033434 0.22137791286727457 0.057750759878419454 0.04154002026342452
0 0.5460992907801419 0.1408308004052685 0.05268490374873354 0.040526849037487336
0 0.28824721377912865 0.767983789260385 0.05369807497467072 0.03850050658561297
0 0.29533941236068895 0.2907801418439716 0.05167173252279635 0.0425531914893617