0 0.43059777102330293 0.18490374873353596 0.060790273556231005 0.04356636271529889
0 0.2847011144883485 0.05268490374873354 0.08308004052684904 0.05876393110435663
0 0.8024316109422492 0.20212765957446807 0.06889564336372847 0.06990881458966565
0 0.9326241134751773 0.1945288753799392 0.06382978723404255 0.05065856129685917
0 0.6008105369807497 0.4807497467071935 0.06484295845997974 0.07396149949341439
0 0.15450861195542046 0.22289766970618036 0.08206686930091185 0.05268490374873354
0 0.9356636271529889 0.4625126646403242 0.05572441742654509 0.03546099290780142
0 0.9108409321175278 0.4949341438703141 0.060790273556231005 0.057750759878419454
0 0.8991894630192503 0.6610942249240122 0.08206686930091185 0.047619047619047616
0 0.4457953394123607 0.6605876393110436 0.040526849037487336 0.0547112462006079
0 0.05015197568389058 0.2573454913880446 0.05977710233029382 0.040526849037487336
0 0.754305977710233 0.5303951367781155 0.037487335359675786 0.05167173252279635
0 0.7629179331306991 0.09017223910840932 0.060790273556231005 0.044579533941236066
0 0.28520770010131713 0.5678824721377913 0.057750759878419454 0.05572441742654509
0 0.24721377912867273 0.5759878419452887 0.05876393110435663 0.04964539007092199
0 0.1398176291793313 0.4493414387031408 0.05268490374873354 0.03951367781155015
0 0.3941236068895643 0.4949341438703141 0.05065856129685917 0.05572441742654509
0 0.6190476190476191 0.6271529888551165 0.05876393110435663 0.044579533941236066
0 0.6737588652482269 0.5298885511651469 0.040526849037487336 0.0486322188449848
0 0.9341438703140831 0.39969604863221886 0.06889564336372847 0.03343465045592705
0 0.07801418439716312 0.6352583586626139 0.06889564336372847 0.060790273556231005
0 0.11955420466058764 0.7239108409321175 0.06281661600810537 0.04964539007092199
0 0.4012158054711246 0.6408308004052685 0.0425531914893617 0.06788247213779129
0 0.17375886524822695 0.42401215805471126 0.05572441742654509 0.04356636271529889
0 0.29432624113475175 0.729483282674772 0.05369807497467072 0.044579533941236066
0 0.7335359675785208 0.8581560283687943 0.044579533941236066 0.06889564336372847
0 0.8713272543059777 0.8961499493414387 0.06484295845997974 0.047619047619047616
0 0.4533941236068896 0.5172239108409321 0.05572441742654509 0.05977710233029382
0 0.9209726443768997 0.3009118541033435 0.040526849037487336 0.05268490374873354
0 0.8591691995947315 0.44680851063829785 0.06484295845997974 0.0486322188449848
0 0.09473150962512665 0.5476190476190477 0.0800405268490375 0.04964539007092199
0 0.5192502532928065 0.3768996960486322 0.05572441742654509 0.03850050658561297
0 0.6524822695035462 0.7684903748733536 0.05876393110435663 0.07193515704154002
0 0.7532928064842959 0.7978723404255319 0.05167173252279635 0.057750759878419454
0 0.8414387031408308 0.7512664640324215 0.05977710233029382 0.04964539007092199
0 0.7725430597771024 0.9214792299898683 0.04964539007092199 0.03546099290780142
0 0.085612968591692 0.3728470111448835 0.06180344478216818 0.028368794326241134
0 0.02684903748733536 0.3383991894630192 0.04559270516717325 0.03850050658561297
0 0.17274569402228976 0.6124620060790273 0.06990881458966565 0.04154002026342452
0 0.23556231003039513 0.6773049645390071 0.04964539007092199 0.06585612968591692
0 0.9316109422492401 0.8551165146909828 0.06180344478216818 0.07700101317122594
0 0.7862208713272543 0.3541033434650456 0.0547112462006079 0.06585612968591692
0 0.5227963525835866 0.15450861195542046 0.0729483282674772 0.07396149949341439
0 0.46099290780141844 0.05977710233029382 0.0668693009118541 0.05876393110435663
0 0.08105369807497467 0.09675785207700101 0.07092198581560284 0.05167173252279635
0 0.2978723404255319 0.6474164133738601 0.06281661600810537 0.07497467071935157
0 0.40678824721377915 0.1342451874366768 0.06180344478216818 0.04559270516717325
0 0.43566362715298884 0.5896656534954408 0.0547112462006079 0.05065856129685917
0 0.8014184397163121 0.5283687943262412 0.05876393110435663 0.05167173252279635
0 0.4918946301925025 0.46808510638297873 0.05977710233029382 0.0486322188449848
0 0.5086119554204661 0.5202634245187436 0.044579533941236066 0.06382978723404255
0 0.3373860182370821 0.560790273556231 0.0486322188449848 0.06585612968591692
0 0.09979736575481256 0.4275582573454914 0.04559270516717325 0.05065856129685917
0 0.8105369807497467 0.6894630192502533 0.0547112462006079 0.057750759878419454
0 0.8779128672745694 0.8302938196555217 0.08611955420466058 0.07396149949341439
0 0.8383991894630193 0.9356636271529889 0.07396149949341439 0.05369807497467072
0 0.6428571428571429 0.9209726443768997 0.06585612968591692 0.05673758865248227
0 0.5861195542046606 0.8358662613981763 0.06585612968591692 0.03850050658561297
0 0.8211752786220872 0.6073961499493414 0.06180344478216818 0.05167173252279635
0 0.7325227963525835 0.6960486322188449 0.05673758865248227 0.04660587639311044
0 0.6231003039513677 0.6545086119554204 0.07700101317122594 0.03850050658561297
0 0.8829787234042553 0.19098277608915906 0.05572441742654509 0.07598784194528875
0 0.05572441742654509 0.146403242147923 0.0668693009118541 0.06180344478216818
0 0.5901722391084093 0.19047619047619047 0.06180344478216818 0.040526849037487336
0 0.8034447821681864 0.02988855116514691 0.07700101317122594 0.04559270516717325
0 0.2502532928064843 0.09878419452887538 0.060790273556231005 0.05369807497467072
0 0.3546099290780142 0.19351570415400202 0.05065856129685917 0.060790273556231005
0 0.1636271529888551 0.05369807497467072 0.05167173252279635 0.07092198581560284
0 0.5911854103343465 0.11246200607902736 0.06382978723404255 0.05065856129685917
0 0.23302938196555217 0.30040526849037485 0.06889564336372847 0.04964539007092199
0 0.31560283687943264 0.41286727456940225 0.05977710233029382 0.05167173252279635
0 0.5278622087132725 0.5987841945288754 0.060790273556231005 0.0364741641337386