0 0.2006079027355623 0.14488348530901723 0.0729483282674772 0.05268490374873354
0 0.2259371833839919 0.10739614994934144 0.05876393110435663 0.03850050658561297
0 0.2826747720364742 0.196048632218845 0.06889564336372847 0.03951367781155015
0 0.25886524822695034 0.16058763931104356 0.04154002026342452 0.05167173252279635
0 0.303951367781155 0.1661600810536981 0.05268490374873354 0.0364741641337386
0 0.27001013171225935 0.24366767983789261 0.04964539007092199 0.03546099290780142
0 0.3100303951367781 0.2689969604863222 0.06281661600810537 0.06180344478216818
0 0.38095238095238093 0.24620060790273557 0.06889564336372847 0.04660587639311044
0 0.44376899696048633 0.2188449848024316 0.07092198581560284 0.03850050658561297
0 0.4929078014184397 0.10435663627152988 0.08206686930091185 0.05876393110435663
0 0.549645390070922 0.08156028368794327 0.05167173252279635 0.03951367781155015
0 0.4716312056737589 0.27608915906788245 0.06788247213779129 0.04356636271529889
0 0.524822695035461 0.24873353596757852 0.0486322188449848 0.04559270516717325
0 0.6550151975683891 0.171225937183384 0.05977710233029382 0.06281661600810537
0 0.6904761904761905 0.19655521783181357 0.03951367781155015 0.04660587639311044
0 0.7031408308004052 0.085612968591692 0.04660587639311044 0.04559270516717325
0 0.04660587639311044 0.26038500506585616 0.0790273556231003 0.03850050658561297
0 0.05521783181357649 0.3009118541033435 0.05167173252279635 0.05268490374873354
0 0.10283687943262411 0.3525835866261398 0.04964539007092199 0.05876393110435663
0 0.14944275582573455 0.35106382978723405 0.04964539007092199 0.05572441742654509
0 0.538500506585613 0.1899696048632219 0.06180344478216818 0.04559270516717325
0 0.49138804457953394 0.31256332320162106 0.08105369807497467 0.04559270516717325
0 0.8054711246200608 0.1469098277608916 0.0425531914893617 0.06484295845997974
0 0.7218844984802432 0.146403242147923 0.03951367781155015 0.06180344478216818
0 0.8596757852077 0.08308004052684904 0.05167173252279635 0.06889564336372847
0 0.9062816616008106 0.05217831813576494 0.07598784194528875 0.05977710233029382
0 0.9088145896656535 0.10688956433637285 0.0547112462006079 0.04154002026342452
0 0.8465045592705167 0.16767983789260385 0.04559270516717325 0.04154002026342452
0 0.9250253292806484 0.1945288753799392 0.04660587639311044 0.0364741641337386
0 0.9569402228976697 0.21428571428571427 0.04559270516717325 0.03546099290780142
0 0.8247213779128673 0.24468085106382978 0.06281661600810537 0.08206686930091185
0 0.7066869300911854 0.32978723404255317 0.05977710233029382 0.05977710233029382
0 0.621580547112462 0.3242147922998987 0.04154002026342452 0.0790273556231003
0 0.6580547112462006 0.34194528875379937 0.04356636271529889 0.057750759878419454
0 0.5612968591691996 0.31864235055724416 0.05876393110435663 0.057750759878419454
0 0.8014184397163121 0.37487335359675783 0.07497467071935157 0.06889564336372847
0 0.7735562310030395 0.4351570415400203 0.07193515704154002 0.03546099290780142
0 0.7102330293819655 0.42958459979736574 0.06281661600810537 0.06281661600810537
0 0.8652482269503546 0.48125633232016213 0.06889564336372847 0.0547112462006079
0 0.6423505572441742 0.5258358662613982 0.0486322188449848 0.05268490374873354
0 0.6894630192502533 0.5506585612968592 0.05977710233029382 0.06180344478216818
0 0.7512664640324215 0.5491388044579534 0.04356636271529889 0.05268490374873354
0 0.8074974670719351 0.5871327254305978 0.05876393110435663 0.06788247213779129
0 0.7451874366767984 0.6124620060790273 0.04154002026342452 0.06180344478216818
0 0.8014184397163121 0.6423505572441742 0.08713272543059777 0.03850050658561297
0 0.6296859169199595 0.425531914893617 0.05167173252279635 0.0547112462006079
0 0.6337386018237082 0.4696048632218845 0.06585612968591692 0.04356636271529889
0 0.547112462006079 0.4002026342451874 0.04660587639311044 0.07497467071935157
0 0.4316109422492401 0.3951367781155015 0.05876393110435663 0.030395136778115502
0 0.4630192502532928 0.43667679837892603 0.05876393110435663 0.0486322188449848
0 0.5075987841945289 0.4569402228976697 0.0729483282674772 0.0364741641337386
0 0.32776089159067884 0.37537993920972645 0.05977710233029382 0.057750759878419454
0 0.2826747720364742 0.3880445795339412 0.0486322188449848 0.0425531914893617
0 0.25785207700101315 0.364741641337386 0.03951367781155015 0.0425531914893617
0 0.05673758865248227 0.46048632218844987 0.0790273556231003 0.04964539007092199
0 0.12664640324214793 0.4696048632218845 0.06484295845997974 0.05167173252279635
0 0.05319148936170213 0.5486322188449848 0.06788247213779129 0.04559270516717325
0 0.22796352583586627 0.5298885511651469 0.0972644376899696 0.06484295845997974
0 0.3586626139817629 0.4432624113475177 0.07092198581560284 0.06180344478216818
0 0.3728470111448835 0.5065856129685917 0.08105369807497467 0.05876393110435663
0 0.39868287740628167 0.5547112462006079 0.05167173252279635 0.05572441742654509
0 0.43465045592705165 0.5678824721377913 0.03850050658561297 0.05572441742654509
0 0.4929078014184397 0.5673758865248227 0.05572441742654509 0.08105369807497467
0 0.4341438703140831 0.6094224924012158 0.11043566362715299 0.04964539007092199
0 0.33586626139817627 0.5668693009118541 0.06585612968591692 0.06180344478216818
0 0.2634245187436677 0.60790273556231 0.0486322188449848 0.05268490374873354
0 0.21833839918946302 0.6433637284701115 0.09827760891590678 0.05876393110435663
0 0.12360688956433637 0.7077001013171226 0.06484295845997974 0.057750759878419454
0 0.3596757852077001 0.6691995947315096 0.05268490374873354 0.04356636271529889
0 0.2573454913880446 0.7836879432624113 0.05876393110435663 0.05977710233029382
0 0.3090172239108409 0.7441742654508612 0.07092198581560284 0.05167173252279635
0 0.3819655521783181 0.7720364741641338 0.07092198581560284 0.05876393110435663
0 0.4027355623100304 0.8323201621073961 0.05572441742654509 0.04356636271529889
0 0.3302938196555218 0.8434650455927052 0.04660587639311044 0.04559270516717325
0 0.15450861195542046 0.903242147922999 0.07193515704154002 0.03343465045592705
0 0.19807497467071936 0.9594731509625126 0.06788247213779129 0.0547112462006079
0 0.04305977710233029 0.9559270516717325 0.06788247213779129 0.04154002026342452
0 0.6529888551165147 0.9533941236068896 0.04964539007092199 0.0425531914893617
0 0.30192502532928067 0.7796352583586627 0.04660587639311044 0.05572441742654509
0 0.5065856129685917 0.6479229989868288 0.05876393110435663 0.03951367781155015
0 0.5435663627152989 0.6843971631205674 0.06180344478216818 0.06180344478216818
0 0.5395136778115501 0.7573454913880446 0.05977710233029382 0.04559270516717325
0 0.5557244174265451 0.7963525835866262 0.08409321175278622 0.0547112462006079
0 0.6347517730496454 0.7066869300911854 0.07193515704154002 0.06180344478216818
0 0.6382978723404256 0.7857142857142857 0.06889564336372847 0.06180344478216818
0 0.7006079027355623 0.7750759878419453 0.05572441742654509 0.05876393110435663
0 0.7624113475177305 0.8039513677811551 0.07598784194528875 0.03951367781155015
0 0.7406281661600811 0.7492401215805471 0.06484295845997974 0.04559270516717325
0 0.6139817629179332 0.6084093211752786 0.0364741641337386 0.03951367781155015
0 0.7087132725430598 0.6676798378926039 0.05977710233029382 0.0486322188449848
0 0.8267477203647416 0.8839918946301925 0.06484295845997974 0.06788247213779129
0 0.795339412360689 0.9290780141843972 0.06281661600810537 0.0486322188449848
0 0.9012158054711246 0.8809523809523809 0.05167173252279635 0.06180344478216818
0 0.9533941236068896 0.9381965552178319 0.06484295845997974 0.05268490374873354
0 0.25835866261398177 0.08054711246200608 0.04660587639311044 0.05167173252279635
0 0.33181357649442755 0.07750759878419453 0.057750759878419454 0.03951367781155015
0 0.770516717325228 0.09625126646403243 0.06180344478216818 0.04660587639311044
0 0.8931104356636271 0.25278622087132724 0.04964539007092199 0.04964539007092199
0 0.6165146909827761 0.22340425531914893 0.04964539007092199 0.05572441742654509
0 0.7041540020263425 0.23606889564336372 0.0729483282674772 0.0425531914893617
0 0.6671732522796353 0.1033434650455927 0.05167173252279635 0.0486322188449848
0 0.7644376899696048 0.1534954407294833 0.04964539007092199 0.06585612968591692
0 0.8860182370820668 0.3353596757852077 0.05167173252279635 0.06889564336372847
0 0.8865248226950354 0.7006079027355623 0.06889564336372847 0.05572441742654509
0 0.5749746707193516 0.5106382978723404 0.07193515704154002 0.06484295845997974
0 0.2512664640324215 0.2786220871327254 0.05876393110435663 0.06484295845997974
0 0.09219858156028368 0.6534954407294833 0.06484295845997974 0.05876393110435663
0 0.06180344478216818 0.693515704154002 0.05268490374873354 0.05572441742654509
0 0.10233029381965553 0.7462006079027356 0.08105369807497467 0.04154002026342452
0 0.160081053698075 0.8383991894630193 0.05268490374873354 0.06180344478216818
0 0.23657548125633232 0.9159067882472138 0.05977710233029382 0.0486322188449848
0 0.4797365754812563 0.6803444782168186 0.07801418439716312 0.03951367781155015
0 0.4387031408308004 0.6945288753799392 0.07497467071935157 0.06788247213779129
0 0.1585612968591692 0.403242147922999 0.057750759878419454 0.06281661600810537
0 0.7852077001013171 0.26646403242147926 0.0547112462006079 0.0486322188449848
0 0.9194528875379939 0.02634245187436677 0.04154002026342452 0.04660587639311044
0 0.8753799392097265 0.17933130699088146 0.05876393110435663 0.05268490374873354
0 0.2375886524822695 0.42502532928064846 0.05572441742654509 0.057750759878419454
0 0.2907801418439716 0.47922998986828774 0.05268490374873354 0.0364741641337386
0 0.5780141843971631 0.9736575481256332 0.05977710233029382 0.04660587639311044
0 0.8880445795339412 0.8358662613981763 0.057750759878419454 0.0486322188449848
0 0.9645390070921985 0.8637284701114488 0.05268490374873354 0.06788247213779129
0 0.6043566362715299 0.9204660587639311 0.03951367781155015 0.04559270516717325
0 0.21580547112462006 0.353596757852077 0.05268490374873354 0.04660587639311044
0 0.41236068895643363 0.12360688956433637 0.05268490374873354 0.05268490374873354
0 0.9685916919959473 0.05825734549138804 0.05268490374873354 0.07598784194528875
0 0.1697061803444782 0.21732522796352582 0.05977710233029382 0.057750759878419454
0 0.0790273556231003 0.8530901722391084 0.0547112462006079 0.07497467071935157
0 0.09523809523809523 0.9290780141843972 0.05673758865248227 0.0486322188449848
0 0.44376899696048633 0.8880445795339412 0.05876393110435663 0.04154002026342452
0 0.25379939209726443 0.6990881458966566 0.04154002026342452 0.0486322188449848
0 0.14387031408308004 0.5253292806484295 0.05876393110435663 0.05977710233029382
0 0.7147922998986829 0.839918946301925 0.08206686930091185 0.05876393110435663
0 0.7436676798378926 0.9199594731509625 0.040526849037487336 0.0486322188449848
0 0.7193515704154002 0.9508611955420466 0.05268490374873354 0.037487335359675786
0 0.5227963525835866 0.952887537993921 0.07497467071935157 0.037487335359675786
0 0.5800405268490375 0.8637284701114488 0.047619047619047616 0.03951367781155015
0 0.6220871327254306 0.8637284701114488 0.044579533941236066 0.05572441742654509
0 0.439209726443769 0.16818642350557245 0.06382978723404255 0.0547112462006079
0 0.33586626139817627 0.12563323201621074 0.04356636271529889 0.0364741641337386
0 0.025329280648429583 0.18135764944275581 0.044579533941236066 0.044579533941236066
0 0.12462006079027356 0.15653495440729484 0.05065856129685917 0.04559270516717325
0 0.378419452887538 0.3272543059777102 0.04356636271529889 0.0547112462006079
0 0.9209726443768997 0.15450861195542046 0.05673758865248227 0.04356636271529889
0 0.9635258358662614 0.1038500506585613 0.0547112462006079 0.04356636271529889
0 0.477710233029382 0.7826747720364742 0.03951367781155015 0.04559270516717325
0 0.44224924012158057 0.756838905775076 0.03951367781155015 0.044579533941236066
0 0.547112462006079 0.6236068895643364 0.0547112462006079 0.03951367781155015
0 0.6068895643363729 0.6398176291793313 0.05065856129685917 0.029381965552178316
0 0.15045592705167174 0.60790273556231 0.05572441742654509 0.0364741641337386
0 0.07193515704154002 0.5055724417426545 0.0486322188449848 0.03242147922998987
0 0.03242147922998987 0.5075987841945289 0.05065856129685917 0.030395136778115502
0 0.10739614994934144 0.24265450861195542 0.0364741641337386 0.047619047619047616
0 0.060790273556231005 0.12917933130699089 0.034447821681864235 0.04356636271529889
0 0.8100303951367781 0.4690982776089159 0.05167173252279635 0.06281661600810537
0 0.6950354609929078 0.48733535967578523 0.06281661600810537 0.040526849037487336
0 0.5040526849037488 0.8971631205673759 0.06180344478216818 0.04356636271529889
0 0.20466058763931105 0.7325227963525835 0.0547112462006079 0.034447821681864235