0 0.16312056737588654 0.24417426545086118 0.08915906788247213 0.05876393110435663
0 0.10182370820668693 0.3495440729483283 0.08206686930091185 0.06484295845997974
0 0.16869300911854104 0.6975683890577508 0.05572441742654509 0.06788247213779129
0 0.08308004052684904 0.817629179331307 0.0729483282674772 0.08308004052684904
0 0.10486322188449848 0.9022289766970618 0.08611955420466058 0.0800405268490375
0 0.19300911854103345 0.7998986828774063 0.09422492401215805 0.06382978723404255
0 0.4371833839918946 0.7548125633232016 0.11651469098277609 0.060790273556231005
0 0.5759878419452887 0.8297872340425532 0.0800405268490375 0.06484295845997974
0 0.713272543059777 0.33080040526849036 0.10739614994934144 0.06990881458966565
0 0.4989868287740628 0.36271529888551163 0.09422492401215805 0.060790273556231005
0 0.3505572441742654 0.26393110435663625 0.0729483282674772 0.11651469098277609
0 0.2725430597771023 0.29584599797365757 0.0972644376899696 0.0547112462006079
0 0.3723404255319149 0.15501519756838905 0.0800405268490375 0.06484295845997974
0 0.26443768996960487 0.41286727456940225 0.07700101317122594 0.05572441742654509
0 0.3728470111448835 0.8095238095238095 0.05268490374873354 0.05268490374873354
0 0.7558257345491388 0.7375886524822695 0.0729483282674772 0.0668693009118541
0 0.6210739614994935 0.5111448834853091 0.07092198581560284 0.05977710233029382
0 0.44224924012158057 0.5476190476190477 0.08206686930091185 0.04964539007092199
0 0.48429584599797365 0.5906788247213779 0.10131712259371833 0.0547112462006079
0 0.5501519756838906 0.74822695035461 0.06889564336372847 0.05167173252279635
0 0.7522796352583586 0.9513677811550152 0.07193515704154002 0.06889564336372847
0 0.8014184397163121 0.41185410334346506 0.07700101317122594 0.06382978723404255
0 0.5075987841945289 0.044072948328267476 0.07700101317122594 0.04964539007092199
0 0.5339412360688957 0.30141843971631205 0.040526849037487336 0.05977710233029382
0 0.5952380952380952 0.30952380952380953 0.05977710233029382 0.06788247213779129
0 0.5643363728470111 0.9148936170212766 0.04660587639311044 0.03850050658561297
0 0.2674772036474164 0.07446808510638298 0.06281661600810537 0.05572441742654509
0 0.4265450861195542 0.08966565349544073 0.06889564336372847 0.05167173252279635
0 0.662613981762918 0.2634245187436677 0.044579533941236066 0.0486322188449848
0 0.7127659574468085 0.24518743667679838 0.04559270516717325 0.0486322188449848
0 0.7360688956433638 0.20516717325227962 0.04559270516717325 0.057750759878419454
0 0.49341438703140833 0.900709219858156 0.08105369807497467 0.0425531914893617