0 0.5243161094224924 0.2066869300911854 0.07598784194528875 0.07700101317122594
0 0.2548125633232016 0.31256332320162106 0.05167173252279635 0.06382978723404255
0 0.5521783181357649 0.6317122593718338 0.07092198581560284 0.06382978723404255
0 0.8034447821681864 0.42451874366767983 0.0668693009118541 0.0668693009118541
0 0.3444782168186423 0.07446808510638298 0.060790273556231005 0.037487335359675786
0 0.2502532928064843 0.5547112462006079 0.040526849037487336 0.057750759878419454
0 0.7249240121580547 0.8059777102330293 0.12056737588652482 0.06382978723404255
0 0.2847011144883485 0.18085106382978725 0.08308004052684904 0.05369807497467072
0 0.36119554204660587 0.6276595744680851 0.07193515704154002 0.06585612968591692
0 0.7218844984802432 0.9113475177304965 0.08814589665653495 0.047619047619047616
0 0.1702127659574468 0.8237082066869301 0.05673758865248227 0.040526849037487336
0 0.5906788247213779 0.9381965552178319 0.09321175278622088 0.05673758865248227
0 0.5324214792299898 0.8368794326241135 0.08206686930091185 0.05268490374873354
0 0.33080040526849036 0.9670719351570415 0.09017223910840932 0.04559270516717325