0 0.2730496453900709 0.4017223910840932 0.06788247213779129 0.06788247213779129
0 0.057750759878419454 0.21225937183383992 0.06484295845997974 0.09422492401215805
0 0.3941236068895643 0.8252279635258358 0.07497467071935157 0.06382978723404255
0 0.632725430597771 0.6854103343465046 0.06180344478216818 0.06788247213779129
0 0.60790273556231 0.09979736575481256 0.08915906788247213 0.06382978723404255
0 0.8363728470111449 0.1276595744680851 0.06990881458966565 0.04660587639311044
0 0.668693009118541 0.4579533941236069 0.0547112462006079 0.07092198581560284
0 0.4037487335359676 0.06940222897669707 0.07396149949341439 0.057750759878419454
0 0.37031408308004055 0.7695035460992907 0.05977710233029382 0.03343465045592705
0 0.0668693009118541 0.8348530901722391 0.040526849037487336 0.0911854103343465
0 0.2669706180344478 0.34599797365754814 0.07193515704154002 0.05572441742654509