0 0.10131712259371833 0.207193515704154 0.0486322188449848 0.047619047619047616
0 0.22847011144883486 0.27102330293819654 0.05167173252279635 0.04964539007092199
0 0.18642350557244175 0.08054711246200608 0.05268490374873354 0.04559270516717325
0 0.5927051671732523 0.18085106382978725 0.08713272543059777 0.03546099290780142
0 0.1094224924012158 0.1595744680851064 0.10131712259371833 0.037487335359675786
0 0.10131712259371833 0.207193515704154 0.0486322188449848 0.047619047619047616
0 0.033941236068895646 0.3556231003039514 0.05977710233029382 0.05876393110435663
0 0.24924012158054712 0.36119554204660587 0.12158054711246201 0.05977710233029382
0 0.267983789260385 0.2811550151975684 0.057750759878419454 0.04559270516717325
0 0.4989868287740628 0.16058763931104356 0.07801418439716312 0.04559270516717325
0 0.4929078014184397 0.20364741641337386 0.08409321175278622 0.040526849037487336
0 0.6296859169199595 0.47619047619047616 0.057750759878419454 0.0851063829787234
0 0.20567375886524822 0.6357649442755826 0.05268490374873354 0.057750759878419454
0 0.0668693009118541 0.39361702127659576 0.0729483282674772 0.05572441742654509
0 0.596757852077001 0.11296859169199595 0.06889564336372847 0.05977710233029382
0 0.22036474164133737 0.5364741641337386 0.08206686930091185 0.07801418439716312