0 0.538500506585613 0.3140830800405269 0.06788247213779129 0.0790273556231003
0 0.2198581560283688 0.6884498480243161 0.07700101317122594 0.04356636271529889
0 0.2016210739614995 0.8130699088145896 0.0790273556231003 0.06180344478216818
0 0.40476190476190477 0.7801418439716312 0.06990881458966565 0.0729483282674772
0 0.7274569402228976 0.6306990881458967 0.07700101317122594 0.08611955420466058
0 0.8794326241134752 0.16210739614994935 0.10739614994934144 0.0729483282674772
0 0.47922998986828774 0.2254305977710233 0.0790273556231003 0.07598784194528875
0 0.585612968591692 0.916919959473151 0.06281661600810537 0.06889564336372847
0 0.47011144883485306 0.4908814589665654 0.06281661600810537 0.10435663627152988
0 0.35106382978723405 0.25835866261398177 0.04964539007092199 0.060790273556231005
0 0.5207700101317123 0.8262411347517731 0.04660587639311044 0.057750759878419454
0 0.8723404255319149 0.6043566362715299 0.0790273556231003 0.05977710233029382
0 0.869807497467072 0.07700101317122594 0.0800405268490375 0.060790273556231005
0 0.39918946301925023 0.2375886524822695 0.05065856129685917 0.08409321175278622
0 0.5562310030395137 0.71580547112462 0.06281661600810537 0.047619047619047616