0 0.05116514690982776 0.75177304964539 0.05572441742654509 0.0729483282674772
0 0.05572441742654509 0.8855116514690983 0.08308004052684904 0.060790273556231005
0 0.14893617021276595 0.7786220871327254 0.06281661600810537 0.057750759878419454
0 0.353596757852077 0.8368794326241135 0.08105369807497467 0.06281661600810537
0 0.45592705167173253 0.7279635258358662 0.1033434650455927 0.09625126646403243
0 0.6013171225937184 0.7325227963525835 0.09017223910840932 0.08713272543059777
0 0.6783181357649443 0.7264437689969605 0.07801418439716312 0.0668693009118541
0 0.6499493414387031 0.7760891590678825 0.06382978723404255 0.05268490374873354
0 0.5835866261398176 0.8318135764944276 0.08308004052684904 0.0729483282674772
0 0.6403242147923 0.8530901722391084 0.05065856129685917 0.0729483282674772
0 0.38095238095238093 0.9604863221884499 0.0668693009118541 0.06281661600810537
0 0.4979736575481256 0.9108409321175278 0.07396149949341439 0.07092198581560284
0 0.5030395136778115 0.9726443768996961 0.07396149949341439 0.05268490374873354
0 0.7441742654508612 0.914387031408308 0.06990881458966565 0.06990881458966565
0 0.7993920972644377 0.9017223910840932 0.060790273556231005 0.0729483282674772
0 0.8434650455927052 0.9093211752786221 0.06382978723404255 0.07396149949341439
0 0.8799392097264438 0.8551165146909828 0.0800405268490375 0.07092198581560284
0 0.9447821681864235 0.8257345491388045 0.06382978723404255 0.0911854103343465
0 0.4351570415400203 0.5476190476190477 0.09422492401215805 0.057750759878419454
0 0.49037487335359675 0.5906788247213779 0.05065856129685917 0.05065856129685917
0 0.4807497467071935 0.5106382978723404 0.06585612968591692 0.06281661600810537
0 0.5258358662613982 0.46504559270516715 0.05673758865248227 0.060790273556231005
0 0.8581560283687943 0.19148936170212766 0.07092198581560284 0.05268490374873354
0 0.7178318135764944 0.2066869300911854 0.04964539007092199 0.07092198581560284
0 0.3586626139817629 0.26443768996960487 0.09321175278622088 0.05268490374873354
0 0.3120567375886525 0.35714285714285715 0.04660587639311044 0.04356636271529889
0 0.3606889564336373 0.6068895643363729 0.060790273556231005 0.06281661600810537
0 0.4746707193515704 0.23556231003039513 0.05977710233029382 0.06788247213779129
0 0.44376899696048633 0.17831813576494426 0.06281661600810537 0.0425531914893617
0 0.32877406281661603 0.07497467071935157 0.07396149949341439 0.06281661600810537
0 0.5901722391084093 0.2016210739614995 0.04964539007092199 0.07092198581560284
0 0.900709219858156 0.07750759878419453 0.0425531914893617 0.05369807497467072
0 0.41793313069908816 0.024822695035460994 0.06585612968591692 0.047619047619047616
0 0.6413373860182371 0.11094224924012158 0.05268490374873354 0.04356636271529889
0 0.24417426545086118 0.9549138804457954 0.0668693009118541 0.06990881458966565
0 0.2684903748733536 0.6306990881458967 0.0668693009118541 0.04559270516717325
0 0.5491388044579534 0.1529888551165147 0.0729483282674772 0.07092198581560284
0 0.11296859169199595 0.33080040526849036 0.10233029381965553 0.0800405268490375
0 0.5577507598784195 0.3495440729483283 0.06585612968591692 0.0851063829787234
0 0.4463019250253293 0.8951367781155015 0.09625126646403243 0.03951367781155015
0 0.41894630192502536 0.8546099290780141 0.07801418439716312 0.05572441742654509
0 0.7877406281661601 0.8267477203647416 0.04559270516717325 0.07497467071935157
0 0.8292806484295846 0.23860182370820668 0.06382978723404255 0.04154002026342452
0 0.2740628166160081 0.09371833839918946 0.04559270516717325 0.06382978723404255
0 0.15704154002026344 0.0364741641337386 0.06889564336372847 0.05065856129685917
0 0.09371833839918946 0.450354609929078 0.08206686930091185 0.05369807497467072
0 0.6783181357649443 0.49341438703140833 0.06585612968591692 0.07497467071935157
0 0.6742654508611955 0.9630192502532928 0.06180344478216818 0.06382978723404255
0 0.9452887537993921 0.9539007092198581 0.05673758865248227 0.05572441742654509
0 0.9103343465045592 0.9098277608915907 0.05572441742654509 0.044579533941236066
0 0.38855116514690985 0.1458966565349544 0.07193515704154002 0.05268490374873354