0 0.5775075987841946 0.3657548125633232 0.0790273556231003 0.0547112462006079
0 0.4341438703140831 0.26595744680851063 0.05977710233029382 0.06585612968591692
0 0.7958459979736575 0.28824721377912865 0.07193515704154002 0.06585612968591692
0 0.12360688956433637 0.2016210739614995 0.044579533941236066 0.07497467071935157
0 0.11955420466058764 0.4209726443768997 0.07497467071935157 0.057750759878419454
0 0.7107396149949341 0.6246200607902735 0.06382978723404255 0.06382978723404255
0 0.9447821681864235 0.7649442755825735 0.08206686930091185 0.06889564336372847
0 0.23353596757852077 0.08054711246200608 0.04964539007092199 0.0800405268490375
0 0.9194528875379939 0.07142857142857142 0.06585612968591692 0.05572441742654509
0 0.07649442755825735 0.23505572441742653 0.06382978723404255 0.06281661600810537
0 0.19098277608915906 0.10790273556231003 0.05167173252279635 0.06788247213779129