0 0.3080040526849038 0.12512664640324214 0.08308004052684904 0.06180344478216818
0 0.24569402228976697 0.05167173252279635 0.09219858156028368 0.0851063829787234
0 0.4093211752786221 0.08662613981762918 0.05268490374873354 0.07598784194528875
0 0.47720364741641336 0.11854103343465046 0.0790273556231003 0.06484295845997974
0 0.389564336372847 0.15045592705167174 0.07598784194528875 0.06180344478216818
0 0.0673758865248227 0.044579533941236066 0.08611955420466058 0.05876393110435663
0 0.1534954407294833 0.037993920972644375 0.07396149949341439 0.057750759878419454
0 0.0668693009118541 0.3525835866261398 0.060790273556231005 0.0364741641337386
0 0.20567375886524822 0.31864235055724416 0.0668693009118541 0.057750759878419454
0 0.07598784194528875 0.6788247213779128 0.04660587639311044 0.0668693009118541
0 0.6702127659574468 0.1590678824721378 0.06788247213779129 0.0790273556231003
0 0.36119554204660587 0.35309017223910844 0.06990881458966565 0.07598784194528875
0 0.33383991894630194 0.4078014184397163 0.07598784194528875 0.05572441742654509
0 0.9473150962512664 0.13221884498480244 0.0729483282674772 0.04356636271529889
0 0.9123606889564336 0.044072948328267476 0.06990881458966565 0.05167173252279635
0 0.7558257345491388 0.9214792299898683 0.0486322188449848 0.05572441742654509
0 0.8414387031408308 0.8439716312056738 0.057750759878419454 0.07092198581560284
0 0.9072948328267477 0.7441742654508612 0.04964539007092199 0.06382978723404255
0 0.6195542046605876 0.7259371833839919 0.04154002026342452 0.04964539007092199
0 0.7249240121580547 0.6717325227963525 0.04356636271529889 0.040526849037487336
0 0.8171225937183384 0.6256332320162108 0.05572441742654509 0.057750759878419454
0 0.4690982776089159 0.7386018237082067 0.0364741641337386 0.0547112462006079
0 0.4316109422492401 0.6550151975683891 0.060790273556231005 0.04154002026342452
0 0.34599797365754814 0.7228976697061803 0.04964539007092199 0.06788247213779129
0 0.30952380952380953 0.6504559270516718 0.04154002026342452 0.0547112462006079
0 0.46504559270516715 0.8414387031408308 0.06281661600810537 0.04964539007092199
0 0.10638297872340426 0.8135764944275583 0.0364741641337386 0.0486322188449848
0 0.06534954407294832 0.7760891590678825 0.04356636271529889 0.05268490374873354
0 0.15501519756838905 0.5734549138804458 0.04660587639311044 0.0547112462006079
0 0.17831813576494426 0.5015197568389058 0.0547112462006079 0.05268490374873354
0 0.0977710233029382 0.477710233029382 0.06382978723404255 0.06382978723404255
0 0.3009118541033435 0.3292806484295846 0.04660587639311044 0.07092198581560284
0 0.6195542046605876 0.40476190476190477 0.05167173252279635 0.04964539007092199
0 0.3576494427558257 0.19908814589665655 0.0790273556231003 0.057750759878419454
0 0.5460992907801419 0.1691995947315096 0.060790273556231005 0.0486322188449848
0 0.5192502532928065 0.23049645390070922 0.06585612968591692 0.03343465045592705