0 0.9625126646403243 0.7244174265450861 0.0668693009118541 0.08915906788247213
0 0.2993920972644377 0.5374873353596757 0.07193515704154002 0.05572441742654509
0 0.3713272543059777 0.5324214792299898 0.06382978723404255 0.07193515704154002
0 0.35714285714285715 0.7218844984802432 0.06990881458966565 0.06382978723404255
0 0.2826747720364742 0.7548125633232016 0.07497467071935157 0.04660587639311044
0 0.34194528875379937 0.6671732522796353 0.08409321175278622 0.047619047619047616
0 0.35106382978723405 0.8617021276595744 0.06585612968591692 0.06180344478216818
0 0.8910840932117527 0.8105369807497467 0.06990881458966565 0.05876393110435663
0 0.5840932117527862 0.6742654508611955 0.03951367781155015 0.05572441742654509
0 0.6165146909827761 0.6545086119554204 0.04154002026342452 0.0790273556231003
0 0.49138804457953394 0.6874366767983789 0.1276595744680851 0.04356636271529889
0 0.6605876393110436 0.5704154002026343 0.06484295845997974 0.08308004052684904
0 0.2801418439716312 0.8044579533941236 0.10638297872340426 0.03242147922998987
0 0.4371833839918946 0.32269503546099293 0.05369807497467072 0.05572441742654509
0 0.8520770010131712 0.9159067882472138 0.06889564336372847 0.05268490374873354
0 0.20516717325227962 0.7740628166160081 0.09422492401215805 0.0486322188449848
0 0.19756838905775076 0.6914893617021277 0.06889564336372847 0.08409321175278622
0 0.09067882472137791 0.05065856129685917 0.07193515704154002 0.07497467071935157
0 0.15450861195542046 0.030395136778115502 0.05167173252279635 0.040526849037487336
0 0.8054711246200608 0.7127659574468085 0.060790273556231005 0.07396149949341439
0 0.0845997973657548 0.8622087132725431 0.04964539007092199 0.0547112462006079
0 0.12158054711246201 0.7462006079027356 0.0547112462006079 0.06382978723404255
0 0.2127659574468085 0.8297872340425532 0.07497467071935157 0.060790273556231005
0 0.44174265450861194 0.817629179331307 0.07497467071935157 0.05268490374873354
0 0.6798378926038501 0.6524822695035462 0.07497467071935157 0.04660587639311044
0 0.8095238095238095 0.6175278622087133 0.040526849037487336 0.05977710233029382
0 0.4017223910840932 0.16717325227963525 0.05167173252279635 0.0547112462006079
0 0.16717325227963525 0.0800405268490375 0.0486322188449848 0.040526849037487336
0 0.8161094224924013 0.4574468085106383 0.057750759878419454 0.05977710233029382
0 0.7836879432624113 0.9427558257345492 0.06585612968591692 0.05369807497467072