0 0.2988855116514691 0.10840932117527863 0.07497467071935157 0.0851063829787234
0 0.26595744680851063 0.16666666666666666 0.06180344478216818 0.05977710233029382
0 0.513677811550152 0.10486322188449848 0.0486322188449848 0.06585612968591692
0 0.5126646403242148 0.2801418439716312 0.06484295845997974 0.04559270516717325
0 0.6063829787234043 0.49442755825734547 0.06180344478216818 0.06281661600810537
0 0.6965552178318136 0.46200607902735563 0.06788247213779129 0.04660587639311044
0 0.9108409321175278 0.40678824721377915 0.0851063829787234 0.05572441742654509
0 0.1458966565349544 0.8657548125633232 0.06889564336372847 0.07193515704154002
0 0.6286727456940223 0.6732522796352584 0.05572441742654509 0.04559270516717325
0 0.7001013171225937 0.7183383991894631 0.05876393110435663 0.04660587639311044
0 0.2553191489361702 0.5840932117527862 0.05876393110435663 0.04964539007092199
0 0.8439716312056738 0.28318135764944274 0.04660587639311044 0.04559270516717325
0 0.6656534954407295 0.6317122593718338 0.0547112462006079 0.05977710233029382
0 0.40628166160081053 0.4402228976697062 0.0486322188449848 0.04964539007092199
0 0.6200607902735562 0.5552178318135765 0.07497467071935157 0.05876393110435663
0 0.7730496453900709 0.7142857142857143 0.05673758865248227 0.05065856129685917
0 0.43566362715298884 0.7335359675785208 0.06281661600810537 0.05876393110435663
0 0.36828774062816616 0.07092198581560284 0.06990881458966565 0.05065856129685917
0 0.605369807497467 0.9270516717325228 0.09219858156028368 0.07497467071935157