0 0.36220871327254306 0.07041540020263425 0.04964539007092199 0.06180344478216818
0 0.42451874366767983 0.11144883485309018 0.05268490374873354 0.05268490374873354
0 0.14184397163120568 0.1534954407294833 0.06484295845997974 0.08206686930091185
0 0.2867274569402229 0.4194528875379939 0.04660587639311044 0.0668693009118541
0 0.0795339412360689 0.4533941236068896 0.04356636271529889 0.04964539007092199
0 0.12107396149949341 0.6063829787234043 0.057750759878419454 0.06788247213779129
0 0.05167173252279635 0.6504559270516718 0.0547112462006079 0.060790273556231005
0 0.08257345491388045 0.5334346504559271 0.04964539007092199 0.05572441742654509
0 0.047619047619047616 0.36119554204660587 0.07700101317122594 0.06180344478216818
0 0.03292806484295846 0.2558257345491388 0.06382978723404255 0.057750759878419454
0 0.07852077001013172 0.1757852077001013 0.03951367781155015 0.03951367781155015
0 0.5207700101317123 0.13171225937183384 0.07700101317122594 0.0790273556231003
0 0.2254305977710233 0.4837892603850051 0.07598784194528875 0.06788247213779129
0 0.925531914893617 0.10536980749746708 0.057750759878419454 0.05268490374873354
0 0.09625126646403243 0.2755825734549139 0.044579533941236066 0.05268490374873354
0 0.36322188449848025 0.24518743667679838 0.057750759878419454 0.060790273556231005
0 0.3130699088145897 0.09979736575481256 0.060790273556231005 0.06382978723404255
0 0.24113475177304963 0.1094224924012158 0.05268490374873354 0.07700101317122594
0 0.160081053698075 0.6595744680851063 0.0547112462006079 0.0486322188449848