0 0.24620060790273557 0.48226950354609927 0.0547112462006079 0.0486322188449848
0 0.770516717325228 0.10587639311043566 0.06180344478216818 0.06180344478216818
0 0.9022289766970618 0.2624113475177305 0.07598784194528875 0.06281661600810537
0 0.7684903748733536 0.9690982776089159 0.10435663627152988 0.057750759878419454
0 0.7836879432624113 0.7198581560283688 0.06585612968591692 0.029381965552178316
0 0.1403242147922999 0.4326241134751773 0.08611955420466058 0.06484295845997974
0 0.7112462006079028 0.3394123606889564 0.08105369807497467 0.06281661600810537
0 0.632725430597771 0.08358662613981763 0.06180344478216818 0.04964539007092199
0 0.041033434650455926 0.6808510638297872 0.05572441742654509 0.0425531914893617
0 0.605369807497467 0.171225937183384 0.07598784194528875 0.08713272543059777
0 0.24620060790273557 0.48226950354609927 0.0547112462006079 0.0486322188449848
0 0.506079027355623 0.20972644376899696 0.09625126646403243 0.0790273556231003
0 0.9564336372847011 0.11702127659574468 0.06281661600810537 0.06180344478216818
0 0.6317122593718338 0.7299898682877406 0.04964539007092199 0.07598784194528875
0 0.7006079027355623 0.7310030395136778 0.07598784194528875 0.09422492401215805
0 0.135258358662614 0.7968591691995948 0.07193515704154002 0.06990881458966565
0 0.8328267477203647 0.09422492401215805 0.05065856129685917 0.08915906788247213
0 0.21529888551165147 0.4376899696048632 0.04964539007092199 0.06484295845997974
0 0.5997973657548126 0.9412360688956434 0.06281661600810537 0.06484295845997974
0 0.06332320162107397 0.8049645390070922 0.06788247213779129 0.03951367781155015