0 0.6671732522796353 0.05825734549138804 0.10233029381965553 0.05977710233029382
0 0.7715298885511651 0.2132725430597771 0.06585612968591692 0.04559270516717325
0 0.054204660587639314 0.7745694022289767 0.07598784194528875 0.031408308004052685
0 0.6155015197568389 0.6342451874366768 0.06788247213779129 0.07700101317122594
0 0.6803444782168186 0.6494427558257345 0.06788247213779129 0.0486322188449848
0 0.23505572441742653 0.6291793313069909 0.05268490374873354 0.05876393110435663
0 0.08814589665653495 0.8171225937183384 0.09523809523809523 0.037487335359675786
0 0.648936170212766 0.11499493414387031 0.05977710233029382 0.05572441742654509
0 0.7472137791286727 0.3049645390070922 0.04559270516717325 0.0547112462006079
0 0.7163120567375887 0.4133738601823708 0.07497467071935157 0.06484295845997974
0 0.4473150962512665 0.38753799392097266 0.05977710233029382 0.05369807497467072
0 0.7041540020263425 0.585612968591692 0.07092198581560284 0.0668693009118541
0 0.8257345491388045 0.8642350557244174 0.0668693009118541 0.07700101317122594
0 0.7112462006079028 0.7239108409321175 0.10739614994934144 0.07396149949341439
0 0.4736575481256332 0.8069908814589666 0.07396149949341439 0.06382978723404255
0 0.9270516717325228 0.8591691995947315 0.06281661600810537 0.05268490374873354
0 0.7710233029381965 0.4331306990881459 0.05268490374873354 0.06382978723404255
0 0.7968591691995948 0.3343465045592705 0.05572441742654509 0.05268490374873354
0 0.7411347517730497 0.18034447821681865 0.08206686930091185 0.05268490374873354
0 0.646403242147923 0.19250253292806485 0.0851063829787234 0.08713272543059777
0 0.19047619047619047 0.8470111448834853 0.0851063829787234 0.0790273556231003
0 0.8100303951367781 0.8171225937183384 0.04964539007092199 0.057750759878419454
0 0.05977710233029382 0.43059777102330293 0.05268490374873354 0.0486322188449848
0 0.4037487335359676 0.513677811550152 0.057750759878419454 0.03850050658561297
0 0.1160081053698075 0.44832826747720367 0.047619047619047616 0.03546099290780142