0 0.9625126646403243 0.11904761904761904 0.044579533941236066 0.05167173252279635
0 0.04660587639311044 0.28520770010131713 0.05268490374873354 0.06180344478216818
0 0.7983789260385005 0.06382978723404255 0.0729483282674772 0.08105369807497467
0 0.2983789260385005 0.15501519756838905 0.07193515704154002 0.0364741641337386
0 0.6575481256332321 0.10739614994934144 0.06889564336372847 0.06889564336372847
0 0.9625126646403243 0.11904761904761904 0.044579533941236066 0.05167173252279635
0 0.7669706180344478 0.135258358662614 0.05876393110435663 0.05572441742654509
0 0.8591691995947315 0.7082066869300911 0.0911854103343465 0.06484295845997974
0 0.8257345491388045 0.6524822695035462 0.0425531914893617 0.05876393110435663
0 0.15501519756838905 0.1899696048632219 0.06281661600810537 0.06585612968591692
0 0.4442755825734549 0.4918946301925025 0.08409321175278622 0.06788247213779129
0 0.9138804457953394 0.6377912867274569 0.06281661600810537 0.05977710233029382
0 0.5861195542046606 0.031408308004052685 0.05977710233029382 0.0547112462006079
0 0.6550151975683891 0.17933130699088146 0.04154002026342452 0.05268490374873354