0 0.21124620060790272 0.8556231003039514 0.10435663627152988 0.06585612968591692
0 0.04204660587639311 0.41691995947315097 0.04964539007092199 0.04964539007092199
0 0.09067882472137791 0.06636271529888552 0.057750759878419454 0.04964539007092199
0 0.8429584599797366 0.9199594731509625 0.06889564336372847 0.0486322188449848
0 0.0425531914893617 0.5390070921985816 0.0729483282674772 0.0668693009118541
0 0.2077001013171226 0.5278622087132725 0.12968591691995948 0.11347517730496454
0 0.11246200607902736 0.31560283687943264 0.06281661600810537 0.047619047619047616
0 0.12411347517730496 0.39159067882472137 0.08814589665653495 0.047619047619047616
0 0.29027355623100304 0.7152988855116514 0.07396149949341439 0.05876393110435663
0 0.6965552178318136 0.3662613981762918 0.06990881458966565 0.08206686930091185
0 0.6560283687943262 0.14437689969604864 0.09219858156028368 0.06990881458966565
0 0.2634245187436677 0.2765957446808511 0.09321175278622088 0.07092198581560284
0 0.516210739614995 0.7299898682877406 0.06382978723404255 0.06585612968591692
0 0.5648429584599798 0.28368794326241137 0.06382978723404255 0.06889564336372847