0 0.7755825734549139 0.1413373860182371 0.10233029381965553 0.05977710233029382
0 0.8383991894630193 0.11043566362715299 0.08206686930091185 0.09523809523809523
0 0.15653495440729484 0.044072948328267476 0.05572441742654509 0.04559270516717325
0 0.6342451874366768 0.022796352583586626 0.06484295845997974 0.03951367781155015
0 0.6499493414387031 0.17375886524822695 0.06382978723404255 0.04154002026342452
0 0.07244174265450862 0.8257345491388045 0.09422492401215805 0.0790273556231003
0 0.7370820668693009 0.2730496453900709 0.08206686930091185 0.0800405268490375
0 0.7887537993920972 0.6089159067882473 0.08409321175278622 0.0668693009118541
0 0.5623100303951368 0.6458966565349544 0.09321175278622088 0.08206686930091185
0 0.30547112462006076 0.23353596757852077 0.05572441742654509 0.06585612968591692
0 0.20516717325227962 0.44376899696048633 0.06382978723404255 0.0790273556231003
0 0.25886524822695034 0.4402228976697062 0.05977710233029382 0.06180344478216818
0 0.7933130699088146 0.23049645390070922 0.08713272543059777 0.07193515704154002
0 0.03951367781155015 0.1828774062816616 0.0668693009118541 0.057750759878419454
0 0.11043566362715299 0.5547112462006079 0.07700101317122594 0.06382978723404255
0 0.8824721377912867 0.9159067882472138 0.0851063829787234 0.06889564336372847
0 0.5952380952380952 0.8186423505572442 0.08206686930091185 0.060790273556231005
0 0.08156028368794327 0.7325227963525835 0.0800405268490375 0.05268490374873354
0 0.15096251266464034 0.8059777102330293 0.060790273556231005 0.04154002026342452
0 0.925531914893617 0.31762917933130697 0.05572441742654509 0.06382978723404255
0 0.7583586626139818 0.32573454913880445 0.05572441742654509 0.05977710233029382
0 0.160081053698075 0.14842958459979735 0.0790273556231003 0.05572441742654509
0 0.07446808510638298 0.08156028368794327 0.06585612968591692 0.05369807497467072