0 0.7315096251266464 0.18591691995947315 0.06484295845997974 0.057750759878419454
0 0.5901722391084093 0.6458966565349544 0.08814589665653495 0.07598784194528875
0 0.46707193515704154 0.5415400202634245 0.05268490374873354 0.05167173252279635
0 0.3110435663627153 0.403242147922999 0.08105369807497467 0.0486322188449848
0 0.12411347517730496 0.18135764944275581 0.09827760891590678 0.0425531914893617
0 0.16058763931104356 0.11246200607902736 0.057750759878419454 0.0486322188449848
0 0.49848024316109424 0.8910840932117527 0.09523809523809523 0.06180344478216818
0 0.32978723404255317 0.8652482269503546 0.05977710233029382 0.0425531914893617
0 0.522289766970618 0.563323201621074 0.08409321175278622 0.0547112462006079
0 0.4159067882472138 0.4878419452887538 0.07801418439716312 0.05977710233029382
0 0.18743667679837892 0.14336372847011145 0.0425531914893617 0.03951367781155015
0 0.05116514690982776 0.22948328267477203 0.07598784194528875 0.06788247213779129
0 0.7603850050658562 0.5369807497467072 0.12664640324214793 0.11347517730496454
0 0.6727456940222898 0.7152988855116514 0.12563323201621074 0.0547112462006079
0 0.12512664640324214 0.502532928064843 0.07801418439716312 0.0729483282674772
0 0.3353596757852077 0.5663627152988855 0.09523809523809523 0.0790273556231003
0 0.48429584599797365 0.7092198581560284 0.05876393110435663 0.07700101317122594
0 0.7760891590678825 0.7700101317122594 0.11347517730496454 0.07497467071935157
0 0.47011144883485306 0.8368794326241135 0.12563323201621074 0.05673758865248227