0 0.2988855116514691 0.1762917933130699 0.06281661600810537 0.05876393110435663
0 0.1529888551165147 0.21783181357649442 0.0668693009118541 0.0547112462006079
0 0.08257345491388045 0.2132725430597771 0.07193515704154002 0.06990881458966565
0 0.5673758865248227 0.8044579533941236 0.0790273556231003 0.0729483282674772
0 0.3667679837892604 0.7892603850050659 0.11347517730496454 0.0486322188449848
0 0.16109422492401215 0.7360688956433638 0.07700101317122594 0.0800405268490375
0 0.12563323201621074 0.2862208713272543 0.07700101317122594 0.05572441742654509
0 0.3596757852077001 0.5405268490374874 0.07497467071935157 0.03546099290780142
0 0.21681864235055726 0.30952380952380953 0.08105369807497467 0.06382978723404255
0 0.3232016210739615 0.4746707193515704 0.0729483282674772 0.07801418439716312
0 0.3242147922998987 0.3556231003039514 0.08915906788247213 0.0668693009118541
0 0.3890577507598784 0.182370820668693 0.07092198581560284 0.04660587639311044
0 0.9381965552178319 0.2988855116514691 0.06484295845997974 0.040526849037487336
0 0.925531914893617 0.3465045592705167 0.07193515704154002 0.0547112462006079
0 0.8687943262411347 0.44832826747720367 0.06585612968591692 0.08814589665653495
0 0.632725430597771 0.5668693009118541 0.06180344478216818 0.06180344478216818
0 0.9083080040526849 0.8576494427558258 0.05167173252279635 0.08814589665653495
0 0.9346504559270516 0.6570415400202634 0.07193515704154002 0.05977710233029382
0 0.403242147922999 0.9508611955420466 0.0547112462006079 0.05572441742654509
0 0.704660587639311 0.08814589665653495 0.06382978723404255 0.0547112462006079
0 0.10840932117527863 0.5268490374873354 0.06889564336372847 0.04660587639311044
0 0.6276595744680851 0.16109422492401215 0.04154002026342452 0.044579533941236066