0 0.09073724007561437 0.2580340264650284 0.06049149338374291 0.06427221172022685
0 0.4503780718336484 0.06332703213610585 0.048204158790170135 0.07939508506616257
0 0.3955576559546314 0.7377126654064272 0.07088846880907372 0.06332703213610585
0 0.5789224952741021 0.5505671077504726 0.055765595463137994 0.0500945179584121
0 0.7032136105860114 0.5524574669187146 0.07939508506616257 0.05387523629489603
0 0.46880907372400754 0.3563327032136106 0.05103969754253308 0.0661625708884688
0 0.5340264650283554 0.31379962192816635 0.05860113421550094 0.06049149338374291
0 0.4829867674858223 0.06285444234404537 0.03780718336483932 0.09357277882797732
0 0.16398865784499056 0.9522684310018904 0.06143667296786389 0.04253308128544423
0 0.27977315689981097 0.8596408317580341 0.045368620037807186 0.036862003780718335
0 0.3052930056710775 0.9258034026465028 0.06427221172022685 0.057655954631379965
0 0.250945179584121 0.28591682419659736 0.08412098298676748 0.055765595463137994
0 0.11578449905482041 0.11625708884688091 0.06332703213610585 0.07183364839319471
0 0.5396975425330813 0.4659735349716446 0.08695652173913043 0.04725897920604915
0 0.6327977315689981 0.527882797731569 0.08412098298676748 0.06899810964083176
0 0.4886578449905482 0.7925330812854442 0.04725897920604915 0.09546313799621928
0 0.4673913043478261 0.9655009451795841 0.0500945179584121 0.04253308128544423
0 0.11483931947069943 0.16351606805293006 0.0500945179584121 0.03969754253308128
0 0.6408317580340265 0.6280718336483931 0.07372400756143667 0.07466918714555766
0 0.831758034026465 0.4792060491493384 0.07750472589792061 0.04158790170132325
0 0.1611531190926276 0.5940453686200378 0.09924385633270322 0.046313799621928164
0 0.3790170132325142 0.14886578449905483 0.03780718336483932 0.0500945179584121
0 0.40879017013232516 0.11436672967863894 0.048204158790170135 0.07372400756143667
0 0.14839319470699433 0.3544423440453686 0.052930056710775046 0.07183364839319471