0 0.7329867674858223 0.5396975425330813 0.07277882797731569 0.054820415879017016
0 0.724007561436673 0.5916824196597353 0.09073724007561437 0.05860113421550094
0 0.6554820415879017 0.555765595463138 0.048204158790170135 0.054820415879017016
0 0.9532136105860114 0.2948960302457467 0.05954631379962193 0.06427221172022685
0 0.8837429111531191 0.31899810964083175 0.062381852551984876 0.06143667296786389
0 0.33648393194706994 0.3539697542533081 0.06427221172022685 0.0444234404536862
0 0.09688090737240075 0.1224007561436673 0.06899810964083176 0.0444234404536862
0 0.4891304347826087 0.22589792060491493 0.0671077504725898 0.06427221172022685
0 0.05245746691871456 0.8998109640831758 0.06899810964083176 0.05671077504725898
0 0.6956521739130435 0.27882797731569 0.07750472589792061 0.043478260869565216
0 0.1819470699432892 0.2632325141776938 0.09735349716446125 0.06143667296786389
0 0.06521739130434782 0.802930056710775 0.10586011342155009 0.048204158790170135
0 0.9650283553875236 0.6016068052930057 0.06427221172022685 0.06899810964083176
0 0.4064272211720227 0.2443289224952741 0.06427221172022685 0.07655954631379962
0 0.724952741020794 0.054820415879017016 0.06994328922495274 0.0831758034026465
0 0.6143667296786389 0.25 0.043478260869565216 0.04064272211720227
0 0.7944234404536862 0.22637051039697542 0.05198487712665406 0.05198487712665406
0 0.4900756143667297 0.046313799621928164 0.046313799621928164 0.07183364839319471
0 0.48015122873345933 0.42722117202268434 0.07939508506616257 0.07372400756143667
0 0.2585066162570889 0.2055765595463138 0.08034026465028356 0.05387523629489603
0 0.7041587901701323 0.31710775047258977 0.07183364839319471 0.04064272211720227
0 0.8709829867674859 0.04678638941398866 0.05198487712665406 0.07655954631379962
0 0.1715500945179584 0.8137996219281664 0.08601134215500945 0.04914933837429111
0 0.09357277882797732 0.05718336483931947 0.08506616257088846 0.04253308128544423
0 0.6195652173913043 0.030718336483931945 0.06143667296786389 0.036862003780718335
0 0.3837429111531191 0.6649338374291115 0.06805293005671077 0.0671077504725898
0 0.968336483931947 0.3757088846880907 0.06143667296786389 0.07844990548204159
0 0.5760869565217391 0.30245746691871456 0.07466918714555766 0.062381852551984876
0 0.42674858223062384 0.1947069943289225 0.06899810964083176 0.04914933837429111