0 0.5382797731568998 0.1895085066162571 0.0671077504725898 0.07655954631379962
0 0.3591682419659735 0.3506616257088847 0.08695652173913043 0.07372400756143667
0 0.45368620037807184 0.6058601134215501 0.07372400756143667 0.08695652173913043
0 0.5368620037807184 0.6200378071833649 0.07183364839319471 0.04725897920604915
0 0.8832703213610587 0.8785444234404537 0.05387523629489603 0.06899810964083176
0 0.7017958412098299 0.6975425330812854 0.0671077504725898 0.052930056710775046
0 0.941398865784499 0.05907372400756144 0.052930056710775046 0.0444234404536862
0 0.2391304347826087 0.277882797731569 0.05860113421550094 0.07372400756143667
0 0.03449905482041588 0.34688090737240074 0.057655954631379965 0.045368620037807186
0 0.4886578449905482 0.5033081285444234 0.07939508506616257 0.055765595463137994
0 0.5080340264650284 0.8218336483931947 0.06143667296786389 0.06332703213610585
0 0.5099243856332704 0.5723062381852552 0.048204158790170135 0.06332703213610585
0 0.5888468809073724 0.7982041587901701 0.052930056710775046 0.06332703213610585
0 0.4938563327032136 0.7414933837429112 0.07466918714555766 0.0671077504725898
0 0.723062381852552 0.7358223062381852 0.04725897920604915 0.0444234404536862
0 0.2594517958412098 0.12381852551984877 0.04253308128544423 0.04725897920604915
0 0.29914933837429114 0.2580340264650284 0.048204158790170135 0.06049149338374291
0 0.3482986767485822 0.6862003780718336 0.07466918714555766 0.06049149338374291
0 0.5600189035916824 0.5519848771266541 0.0500945179584121 0.052930056710775046
0 0.6687145557655955 0.5713610586011342 0.057655954631379965 0.05387523629489603
0 0.9796786389413988 0.7301512287334594 0.03497164461247637 0.07655954631379962
0 0.05860113421550094 0.44706994328922495 0.05860113421550094 0.10775047258979206