0 0.5193761814744802 0.4560491493383743 0.08223062381852551 0.06899810964083176
0 0.722117202268431 0.6431947069943289 0.062381852551984876 0.05198487712665406
0 0.7830812854442344 0.6006616257088847 0.06899810964083176 0.05954631379962193
0 0.888468809073724 0.6058601134215501 0.062381852551984876 0.04725897920604915
0 0.5165406427221172 0.33506616257088845 0.08412098298676748 0.06143667296786389
0 0.5793950850661626 0.4045368620037807 0.05671077504725898 0.07939508506616257
0 0.416351606805293 0.5453686200378072 0.04253308128544423 0.034026465028355386
0 0.6313799621928167 0.7712665406427222 0.05860113421550094 0.0661625708884688
0 0.5926275992438563 0.7783553875236295 0.06427221172022685 0.05954631379962193
0 0.6039697542533081 0.8360113421550095 0.07183364839319471 0.046313799621928164
0 0.8568052930056711 0.7216446124763705 0.0500945179584121 0.07466918714555766
0 0.7679584120982986 0.43950850661625707 0.0500945179584121 0.054820415879017016
0 0.8010396975425331 0.43289224952741023 0.05198487712665406 0.04158790170132325
0 0.5340264650283554 0.8794896030245747 0.054820415879017016 0.05954631379962193
0 0.505671077504726 0.6583175803402647 0.05860113421550094 0.05198487712665406
0 0.27457466918714557 0.46266540642722115 0.05954631379962193 0.046313799621928164
0 0.30198487712665406 0.32514177693761814 0.07655954631379962 0.04158790170132325
0 0.6294896030245747 0.9281663516068053 0.0661625708884688 0.052930056710775046
0 0.4607750472589792 0.5231568998109641 0.0671077504725898 0.0500945179584121
0 0.045368620037807186 0.7292060491493384 0.062381852551984876 0.0671077504725898
0 0.7273156899810964 0.4706994328922495 0.05198487712665406 0.04914933837429111
0 0.45841209829867674 0.3960302457466919 0.0945179584120983 0.054820415879017016
0 0.31427221172022685 0.2386578449905482 0.06143667296786389 0.07844990548204159