0 0.2603969754253308 0.17438563327032136 0.07466918714555766 0.0500945179584121
0 0.8865784499054821 0.7263705103969754 0.06049149338374291 0.09168241965973535
0 0.0940453686200378 0.8189981096408318 0.06143667296786389 0.08790170132325142
0 0.31332703213610585 0.9324196597353497 0.10302457466918714 0.06143667296786389
0 0.974007561436673 0.744328922495274 0.048204158790170135 0.06143667296786389
0 0.7948960302457467 0.6587901701323251 0.0661625708884688 0.05103969754253308
0 0.8360113421550095 0.691398865784499 0.05387523629489603 0.055765595463137994
0 0.6668241965973535 0.946124763705104 0.07655954631379962 0.052930056710775046
0 0.10302457466918714 0.5430056710775047 0.052930056710775046 0.055765595463137994
0 0.0940453686200378 0.4900756143667297 0.06143667296786389 0.055765595463137994
0 0.17060491493383742 0.07750472589792061 0.055765595463137994 0.03969754253308128