0 0.43241965973534974 0.45699432892249525 0.08034026465028356 0.08034026465028356
0 0.1053875236294896 0.20368620037807184 0.10869565217391304 0.06332703213610585
0 0.7419659735349716 0.5311909262759924 0.07939508506616257 0.06427221172022685
0 0.8303402646502835 0.43147448015122875 0.08412098298676748 0.036862003780718335
0 0.918241965973535 0.4168241965973535 0.08412098298676748 0.05860113421550094
0 0.04725897920604915 0.6550094517958412 0.05860113421550094 0.05860113421550094
0 0.4276937618147448 0.7069943289224953 0.06332703213610585 0.05103969754253308
0 0.4220226843100189 0.8733459357277883 0.08034026465028356 0.03969754253308128
0 0.47117202268431 0.9064272211720227 0.0500945179584121 0.045368620037807186
0 0.5222117202268431 0.8482986767485823 0.06332703213610585 0.04253308128544423
0 0.6739130434782609 0.779773156899811 0.07372400756143667 0.04158790170132325
0 0.8095463137996219 0.8279773156899811 0.05387523629489603 0.052930056710775046
0 0.944234404536862 0.8936672967863895 0.07372400756143667 0.05387523629489603
0 0.9617202268431002 0.9418714555765595 0.0444234404536862 0.06332703213610585
0 0.9040642722117203 0.9484877126654064 0.055765595463137994 0.0500945179584121
0 0.6200378071833649 0.9508506616257089 0.052930056710775046 0.045368620037807186
0 0.55765595463138 0.6880907372400756 0.045368620037807186 0.05103969754253308
0 0.17344045368620037 0.8979206049149339 0.0500945179584121 0.045368620037807186
0 0.20841209829867674 0.9210775047258979 0.0444234404536862 0.07088846880907372
0 0.1772211720226843 0.6413043478260869 0.057655954631379965 0.07466918714555766
0 0.20652173913043478 0.7164461247637051 0.06143667296786389 0.04725897920604915
0 0.2613421550094518 0.6238185255198487 0.0444234404536862 0.04725897920604915
0 0.33081285444234404 0.5363894139886578 0.05103969754253308 0.048204158790170135
0 0.41540642722117205 0.9399810964083176 0.07655954631379962 0.0444234404536862
0 0.751890359168242 0.8449905482041588 0.06143667296786389 0.05103969754253308
0 0.7419659735349716 0.8946124763705104 0.07939508506616257 0.06143667296786389
0 0.725897920604915 0.6568998109640832 0.09262759924385633 0.045368620037807186
0 0.5113421550094518 0.8010396975425331 0.07939508506616257 0.036862003780718335
0 0.1280718336483932 0.6413043478260869 0.0444234404536862 0.0671077504725898
0 0.3771266540642722 0.6304347826086957 0.05860113421550094 0.06049149338374291
0 0.32277882797731566 0.6795841209829868 0.06332703213610585 0.04725897920604915
0 0.4655009451795841 0.5089792060491494 0.03497164461247637 0.04253308128544423
0 0.8601134215500945 0.8152173913043478 0.05860113421550094 0.06143667296786389
0 0.8015122873345936 0.48062381852551983 0.06049149338374291 0.055765595463137994
0 0.3799621928166352 0.719281663516068 0.03780718336483932 0.03780718336483932
0 0.532608695652174 0.029773156899810964 0.048204158790170135 0.036862003780718335
0 0.6176748582230623 0.3827977315689981 0.048204158790170135 0.03780718336483932
0 0.8520793950850661 0.3955576559546314 0.06899810964083176 0.0444234404536862
0 0.501890359168242 0.9621928166351607 0.05860113421550094 0.05103969754253308
0 0.6753308128544423 0.31332703213610585 0.07088846880907372 0.07655954631379962
0 0.26937618147448017 0.14508506616257089 0.07561436672967864 0.055765595463137994
0 0.6739130434782609 0.6847826086956522 0.06994328922495274 0.0500945179584121
0 0.6120037807183365 0.6838374291115312 0.05198487712665406 0.08223062381852551
0 0.5808128544423441 0.5812854442344045 0.06521739130434782 0.04725897920604915
0 0.5160680529300568 0.5798676748582231 0.05860113421550094 0.07655954631379962
0 0.782608695652174 0.9376181474480151 0.07561436672967864 0.043478260869565216
0 0.22022684310018903 0.667296786389414 0.08128544423440454 0.03780718336483932
0 0.08553875236294896 0.04914933837429111 0.08412098298676748 0.06994328922495274