0 0.2996219281663516 0.4716446124763705 0.06427221172022685 0.03969754253308128
0 0.3379017013232514 0.4220226843100189 0.07088846880907372 0.0671077504725898
0 0.31427221172022685 0.3539697542533081 0.07277882797731569 0.07088846880907372
0 0.05340264650283554 0.6342155009451795 0.048204158790170135 0.05860113421550094
0 0.5949905482041588 0.06994328922495274 0.09735349716446125 0.043478260869565216
0 0.724007561436673 0.10349716446124764 0.06427221172022685 0.06521739130434782
0 0.752835538752363 0.04395085066162571 0.07844990548204159 0.06143667296786389
0 0.751890359168242 0.1843100189035917 0.07277882797731569 0.054820415879017016
0 0.6224007561436673 0.22353497164461247 0.07277882797731569 0.05954631379962193
0 0.0330812854442344 0.0831758034026465 0.062381852551984876 0.062381852551984876
0 0.31285444234404536 0.10066162570888469 0.043478260869565216 0.04064272211720227
0 0.3534971644612476 0.11814744801512288 0.05860113421550094 0.05103969754253308
0 0.4938563327032136 0.0661625708884688 0.04064272211720227 0.035916824196597356
0 0.3449905482041588 0.048676748582230624 0.062381852551984876 0.05387523629489603
0 0.43005671077504726 0.06049149338374291 0.043478260869565216 0.062381852551984876
0 0.2055765595463138 0.09640831758034027 0.06521739130434782 0.05103969754253308
0 0.808601134215501 0.30387523629489605 0.07088846880907372 0.046313799621928164
0 0.195179584120983 0.1937618147448015 0.06521739130434782 0.05103969754253308
0 0.2627599243856333 0.08979206049149338 0.04914933837429111 0.03969754253308128
0 0.22164461247637052 0.5401701323251418 0.04064272211720227 0.0671077504725898
0 0.19896030245746693 0.6469754253308129 0.055765595463137994 0.05387523629489603
0 0.06190926275992439 0.695179584120983 0.05387523629489603 0.0500945179584121
0 0.16918714555765596 0.5349716446124764 0.043478260869565216 0.05860113421550094
0 0.10255198487712665 0.4933837429111531 0.08034026465028356 0.045368620037807186
0 0.5997164461247637 0.10207939508506617 0.0671077504725898 0.043478260869565216
0 0.9659735349716446 0.026937618147448016 0.06049149338374291 0.05387523629489603