0 0.09357277882797732 0.5737240075614367 0.05860113421550094 0.06049149338374291
0 0.2741020793950851 0.75 0.08695652173913043 0.0500945179584121
0 0.3771266540642722 0.7868620037807184 0.06049149338374291 0.06332703213610585
0 0.696124763705104 0.7844990548204159 0.06143667296786389 0.04725897920604915
0 0.8827977315689981 0.7774102079395085 0.07372400756143667 0.04253308128544423
0 0.7112476370510397 0.9636105860113422 0.0444234404536862 0.048204158790170135
0 0.5349716446124764 0.9593572778827977 0.07750472589792061 0.045368620037807186
0 0.29347826086956524 0.944234404536862 0.055765595463137994 0.04158790170132325
0 0.7622873345935728 0.9659735349716446 0.05387523629489603 0.052930056710775046
0 0.8293950850661626 0.9305293005671077 0.07088846880907372 0.06143667296786389
0 0.8946124763705104 0.9281663516068053 0.048204158790170135 0.04158790170132325
0 0.4551039697542533 0.9399810964083176 0.07655954631379962 0.048204158790170135
0 0.11058601134215501 0.5023629489603024 0.0661625708884688 0.048204158790170135
0 0.6441398865784499 0.7651228733459358 0.0671077504725898 0.06143667296786389
0 0.9697542533081286 0.6224007561436673 0.05103969754253308 0.08790170132325142
0 0.97117202268431 0.945179584120983 0.0444234404536862 0.0661625708884688
0 0.665406427221172 0.9744801512287334 0.052930056710775046 0.03213610586011342
0 0.2391304347826087 0.7008506616257089 0.06049149338374291 0.0500945179584121
0 0.9272211720226843 0.8449905482041588 0.07750472589792061 0.045368620037807186
0 0.1838374291115312 0.505671077504726 0.046313799621928164 0.0945179584120983
0 0.3544423440453686 0.13563327032136105 0.06427221172022685 0.08790170132325142
0 0.4111531190926276 0.834593572778828 0.07561436672967864 0.043478260869565216