0 0.0883742911153119 0.6999054820415879 0.046313799621928164 0.05954631379962193
0 0.31805293005671076 0.7476370510396976 0.07277882797731569 0.05103969754253308
0 0.21550094517958412 0.7136105860113422 0.04914933837429111 0.06994328922495274
0 0.1224007561436673 0.5968809073724007 0.048204158790170135 0.06521739130434782
0 0.24763705103969755 0.7755198487712666 0.062381852551984876 0.04064272211720227
0 0.9409262759924386 0.18100189035916825 0.08790170132325142 0.0330812854442344
0 0.4607750472589792 0.31899810964083175 0.08790170132325142 0.08034026465028356
0 0.5623818525519849 0.06001890359168242 0.07939508506616257 0.05954631379962193
0 0.6483931947069943 0.14744801512287334 0.08506616257088846 0.05860113421550094
0 0.2594517958412098 0.09357277882797732 0.08601134215500945 0.06427221172022685
0 0.14130434782608695 0.44848771266540643 0.06143667296786389 0.05198487712665406
0 0.026465028355387523 0.06379962192816635 0.04158790170132325 0.06521739130434782
0 0.19706994328922495 0.21313799621928167 0.06899810964083176 0.05387523629489603
0 0.3742911153119093 0.21833648393194707 0.07939508506616257 0.07372400756143667
0 0.06568998109640832 0.42580340264650285 0.07466918714555766 0.06143667296786389
0 0.15170132325141777 0.0666351606805293 0.048204158790170135 0.08790170132325142
0 0.5363894139886578 0.45699432892249525 0.06899810964083176 0.048204158790170135
0 0.5146502835538752 0.3270321361058601 0.02930056710775047 0.045368620037807186
0 0.5411153119092628 0.1876181474480151 0.06143667296786389 0.055765595463137994
0 0.22306238185255198 0.5926275992438563 0.04158790170132325 0.07561436672967864
0 0.05718336483931947 0.10113421550094517 0.0444234404536862 0.05671077504725898
0 0.1824196597353497 0.5756143667296786 0.05671077504725898 0.08506616257088846
0 0.7485822306238186 0.9343100189035917 0.05103969754253308 0.07655954631379962
0 0.774102079395085 0.3757088846880907 0.06805293005671077 0.0500945179584121
0 0.5552930056710775 0.693289224952741 0.0500945179584121 0.07844990548204159
0 0.6720226843100189 0.3965028355387524 0.05860113421550094 0.0671077504725898
0 0.7060491493383743 0.27882797731569 0.07372400756143667 0.04914933837429111
0 0.5061436672967864 0.7594517958412098 0.05954631379962193 0.06143667296786389
0 0.4862948960302457 0.2055765595463138 0.0444234404536862 0.0444234404536862
0 0.6535916824196597 0.8917769376181475 0.08601134215500945 0.06899810964083176
0 0.17013232514177692 0.9636105860113422 0.05860113421550094 0.05198487712665406
0 0.7310964083175804 0.07844990548204159 0.06899810964083176 0.04725897920604915
0 0.39224952741020797 0.3454631379962193 0.04914933837429111 0.05954631379962193