0 0.2011144883485309 0.10486322188449848 0.1286727456940223 0.06990881458966565
0 0.27710233029381964 0.1474164133738602 0.08814589665653495 0.08206686930091185
0 0.08611955420466058 0.30851063829787234 0.0972644376899696 0.06382978723404255
0 0.07548125633232017 0.4432624113475177 0.06585612968591692 0.04964539007092199
0 0.5065856129685917 0.389564336372847 0.08915906788247213 0.08814589665653495
0 0.6372847011144883 0.414387031408308 0.0790273556231003 0.08308004052684904
0 0.5339412360688957 0.04913880445795339 0.06281661600810537 0.057750759878419454
0 0.7700101317122594 0.24620060790273557 0.1398176291793313 0.07497467071935157
0 0.6950354609929078 0.6099290780141844 0.0668693009118541 0.1033434650455927
0 0.42907801418439717 0.43465045592705165 0.07193515704154002 0.06889564336372847
0 0.7102330293819655 0.1773049645390071 0.09929078014184398 0.1094224924012158
0 0.08662613981762918 0.17477203647416414 0.07801418439716312 0.05572441742654509
0 0.5982776089159068 0.24974670719351572 0.11854103343465046 0.12259371833839919
0 0.6362715298885512 0.5030395136778115 0.0851063829787234 0.09625126646403243
0 0.6068895643363729 0.7477203647416414 0.05065856129685917 0.07497467071935157
0 0.11094224924012158 0.7603850050658562 0.05369807497467072 0.06382978723404255
0 0.43667679837892603 0.8860182370820668 0.07092198581560284 0.05369807497467072
0 0.7917933130699089 0.6666666666666666 0.06180344478216818 0.05876393110435663
0 0.11550151975683891 0.6590678824721378 0.03850050658561297 0.04154002026342452
0 0.17933130699088146 0.6631205673758865 0.0668693009118541 0.04559270516717325
0 0.4402228976697062 0.17426545086119555 0.08409321175278622 0.06281661600810537
0 0.09017223910840932 0.7092198581560284 0.060790273556231005 0.0425531914893617