0 0.2137791286727457 0.22492401215805471 0.07092198581560284 0.0668693009118541
0 0.0800405268490375 0.37487335359675783 0.0729483282674772 0.0668693009118541
0 0.15602836879432624 0.11296859169199595 0.0911854103343465 0.0800405268490375
0 0.19199594731509625 0.02735562310030395 0.047619047619047616 0.0425531914893617
0 0.624113475177305 0.02634245187436677 0.05673758865248227 0.05065856129685917
0 0.8991894630192503 0.28368794326241137 0.07396149949341439 0.05065856129685917
0 0.2847011144883485 0.11803444782168186 0.05876393110435663 0.08611955420466058
0 0.39159067882472137 0.9579533941236069 0.047619047619047616 0.06585612968591692
0 0.11702127659574468 0.8819655521783182 0.08611955420466058 0.06382978723404255
0 0.03951367781155015 0.6854103343465046 0.06889564336372847 0.05167173252279635
0 0.6778115501519757 0.22289766970618036 0.07497467071935157 0.05673758865248227
0 0.9756838905775076 0.7968591691995948 0.0425531914893617 0.0800405268490375
0 0.7406281661600811 0.16666666666666666 0.0486322188449848 0.05369807497467072