0 0.3844984802431611 0.38551165146909827 0.10030395136778116 0.10638297872340426
0 0.2907801418439716 0.2634245187436677 0.0911854103343465 0.0851063829787234
0 0.3789260385005066 0.0729483282674772 0.0972644376899696 0.06484295845997974
0 0.7310030395136778 0.05927051671732523 0.07396149949341439 0.05572441742654509
0 0.8292806484295846 0.16261398176291794 0.05572441742654509 0.06382978723404255
0 0.3262411347517731 0.475177304964539 0.0729483282674772 0.06484295845997974
0 0.6114488348530902 0.7613981762917933 0.07396149949341439 0.09219858156028368
0 0.43465045592705165 0.6504559270516718 0.0668693009118541 0.0729483282674772
0 0.707193515704154 0.6377912867274569 0.0790273556231003 0.07598784194528875
0 0.8302938196555217 0.6793313069908815 0.06990881458966565 0.08206686930091185
0 0.8277608915906788 0.621580547112462 0.07700101317122594 0.04356636271529889
0 0.8551165146909828 0.3272543059777102 0.08915906788247213 0.0790273556231003
0 0.5425531914893617 0.6671732522796353 0.06788247213779129 0.08611955420466058
0 0.42857142857142855 0.7933130699088146 0.04660587639311044 0.04660587639311044
0 0.4848024316109423 0.9508611955420466 0.04559270516717325 0.06585612968591692
0 0.10233029381965553 0.9154002026342452 0.0668693009118541 0.05167173252279635
0 0.15552178318135765 0.14235055724417425 0.06585612968591692 0.04356636271529889
0 0.92806484295846 0.7137791286727457 0.07700101317122594 0.05572441742654509
0 0.6474164133738601 0.0668693009118541 0.06889564336372847 0.05065856129685917
0 0.3525835866261398 0.936676798378926 0.07092198581560284 0.05369807497467072