0 0.08257345491388045 0.05015197568389058 0.08206686930091185 0.04964539007092199
0 0.30547112462006076 0.0795339412360689 0.04964539007092199 0.05572441742654509
0 0.3100303951367781 0.23809523809523808 0.0729483282674772 0.05268490374873354
0 0.7755825734549139 0.06332320162107397 0.08206686930091185 0.08206686930091185
0 0.3586626139817629 0.13779128672745694 0.0790273556231003 0.05268490374873354
0 0.6155015197568389 0.6570415400202634 0.08814589665653495 0.05167173252279635
0 0.4402228976697062 0.6641337386018237 0.08409321175278622 0.06585612968591692
0 0.6504559270516718 0.38044579533941236 0.05268490374873354 0.06788247213779129
0 0.5795339412360689 0.42502532928064846 0.11550151975683891 0.07801418439716312
0 0.8449848024316109 0.14285714285714285 0.08915906788247213 0.07497467071935157
0 0.5835866261398176 0.04508611955420466 0.06889564336372847 0.05572441742654509
0 0.6843971631205674 0.29736575481256333 0.06788247213779129 0.07193515704154002
0 0.7978723404255319 0.6889564336372846 0.06180344478216818 0.06889564336372847
0 0.6469098277608916 0.7173252279635258 0.07193515704154002 0.07497467071935157
0 0.6089159067882473 0.8221884498480243 0.06889564336372847 0.10030395136778116
0 0.5278622087132725 0.7836879432624113 0.07497467071935157 0.08814589665653495
0 0.4979736575481256 0.9108409321175278 0.10233029381965553 0.07092198581560284
0 0.3834853090172239 0.8232016210739616 0.05572441742654509 0.07598784194528875
0 0.5238095238095238 0.547112462006079 0.05673758865248227 0.0668693009118541
0 0.5754812563323202 0.9022289766970618 0.05876393110435663 0.07193515704154002
0 0.6914893617021277 0.2127659574468085 0.08409321175278622 0.05268490374873354
0 0.7137791286727457 0.4387031408308004 0.06788247213779129 0.07497467071935157
0 0.7872340425531915 0.48328267477203646 0.0790273556231003 0.06889564336372847
0 0.09929078014184398 0.2548125633232016 0.0729483282674772 0.07801418439716312
0 0.1884498480243161 0.044579533941236066 0.07497467071935157 0.0547112462006079
0 0.39918946301925023 0.7198581560283688 0.07092198581560284 0.04964539007092199
0 0.44224924012158057 0.8363728470111449 0.06788247213779129 0.09219858156028368
0 0.5167173252279635 0.85612968591692 0.0729483282674772 0.05268490374873354
0 0.4918946301925025 0.2826747720364742 0.07801418439716312 0.06281661600810537
0 0.5243161094224924 0.6291793313069909 0.08409321175278622 0.08105369807497467
0 0.19351570415400202 0.1661600810536981 0.07497467071935157 0.0790273556231003
0 0.17831813576494426 0.09523809523809523 0.08105369807497467 0.0486322188449848