0 0.42958459979736574 0.09321175278622088 0.07700101317122594 0.0668693009118541
0 0.04305977710233029 0.27760891590678827 0.06788247213779129 0.060790273556231005
0 0.16312056737588654 0.3252279635258359 0.05268490374873354 0.06281661600810537
0 0.5268490374873354 0.30141843971631205 0.07700101317122594 0.047619047619047616
0 0.6474164133738601 0.2669706180344478 0.05268490374873354 0.047619047619047616
0 0.5987841945288754 0.17831813576494426 0.0729483282674772 0.05065856129685917
0 0.6367781155015197 0.3414387031408308 0.07396149949341439 0.060790273556231005
0 0.648936170212766 0.40425531914893614 0.05572441742654509 0.07092198581560284
0 0.6752786220871327 0.48632218844984804 0.05369807497467072 0.060790273556231005
0 0.7380952380952381 0.5040526849037488 0.057750759878419454 0.057750759878419454
0 0.8145896656534954 0.48328267477203646 0.060790273556231005 0.060790273556231005
0 0.8890577507598785 0.4726443768996961 0.03951367781155015 0.04559270516717325
0 0.9432624113475178 0.25177304964539005 0.08915906788247213 0.05572441742654509
0 0.8642350557244174 0.2011144883485309 0.05876393110435663 0.03951367781155015
0 0.9148936170212766 0.2011144883485309 0.06281661600810537 0.03951367781155015
0 0.7887537993920972 0.10030395136778116 0.04356636271529889 0.044579533941236066
0 0.9493414387031408 0.3353596757852077 0.07092198581560284 0.0425531914893617
0 0.8252279635258358 0.3657548125633232 0.04964539007092199 0.0425531914893617
0 0.9533941236068896 0.47011144883485306 0.05268490374873354 0.05268490374873354
0 0.8870314083080041 0.5278622087132725 0.06788247213779129 0.03242147922998987
0 0.9407294832826748 0.5531914893617021 0.07598784194528875 0.0425531914893617
0 0.8454913880445796 0.5764944275582573 0.08409321175278622 0.05673758865248227
0 0.6925025329280649 0.6023302938196555 0.05369807497467072 0.05977710233029382
0 0.4351570415400203 0.4493414387031408 0.06585612968591692 0.05369807497467072
0 0.30243161094224924 0.5020263424518744 0.05572441742654509 0.05572441742654509
0 0.5618034447821681 0.5400202634245187 0.047619047619047616 0.07700101317122594
0 0.389564336372847 0.5800405268490375 0.057750759878419454 0.05572441742654509
0 0.4817629179331307 0.6170212765957447 0.05977710233029382 0.05673758865248227
0 0.6509625126646403 0.6767983789260384 0.05977710233029382 0.040526849037487336
0 0.4584599797365755 0.5233029381965553 0.06585612968591692 0.05572441742654509
0 0.1879432624113475 0.6595744680851063 0.03951367781155015 0.0425531914893617
0 0.1524822695035461 0.7370820668693009 0.037487335359675786 0.05572441742654509
0 0.12715298885511653 0.8333333333333334 0.05369807497467072 0.047619047619047616
0 0.21479229989868287 0.8875379939209727 0.06281661600810537 0.0364741641337386
0 0.34295845997973656 0.8161094224924013 0.057750759878419454 0.047619047619047616
0 0.39260385005065856 0.8297872340425532 0.05572441742654509 0.034447821681864235
0 0.3774062816616008 0.8763931104356636 0.07396149949341439 0.040526849037487336
0 0.028368794326241134 0.4690982776089159 0.05673758865248227 0.06889564336372847
0 0.12968591691995948 0.522289766970618 0.05268490374873354 0.04964539007092199
0 0.44832826747720367 0.7446808510638298 0.05369807497467072 0.06281661600810537
0 0.49240121580547114 0.779128672745694 0.0668693009118541 0.04660587639311044
0 0.5278622087132725 0.8444782168186423 0.05268490374873354 0.05572441742654509
0 0.4645390070921986 0.8308004052684904 0.06585612968591692 0.0364741641337386
0 0.5577507598784195 0.9057750759878419 0.07396149949341439 0.05268490374873354
0 0.6514690982776089 0.8996960486322189 0.05065856129685917 0.04660587639311044
0 0.6408308004052685 0.9442755825734549 0.06585612968591692 0.044579533941236066
0 0.5481256332320162 0.9523809523809523 0.05065856129685917 0.030395136778115502
0 0.6332320162107397 0.8394123606889564 0.034447821681864235 0.07396149949341439
0 0.5567375886524822 0.7102330293819655 0.04964539007092199 0.0425531914893617
0 0.7988855116514691 0.7330293819655522 0.06788247213779129 0.05369807497467072
0 0.6808510638297872 0.7239108409321175 0.05065856129685917 0.04964539007092199
0 0.5587639311043566 0.7760891590678825 0.05977710233029382 0.0425531914893617
0 0.6129685916919959 0.7720364741641338 0.0668693009118541 0.05268490374873354
0 0.6631205673758865 0.7624113475177305 0.07396149949341439 0.047619047619047616
0 0.922998986828774 0.7239108409321175 0.04660587639311044 0.057750759878419454
0 0.9726443768996961 0.7416413373860182 0.05065856129685917 0.08713272543059777
0 0.9189463019250254 0.8890577507598785 0.05268490374873354 0.05977710233029382
0 0.9022289766970618 0.9371833839918946 0.07396149949341439 0.04660587639311044
0 0.9599797365754813 0.958966565349544 0.05369807497467072 0.05369807497467072
0 0.9726443768996961 0.8044579533941236 0.05268490374873354 0.0425531914893617
0 0.0668693009118541 0.6985815602836879 0.06889564336372847 0.04559270516717325
0 0.40476190476190477 0.6722391084093212 0.06382978723404255 0.04559270516717325
0 0.315096251266464 0.3956433637284701 0.0486322188449848 0.06585612968591692
0 0.42299898682877407 0.9579533941236069 0.06180344478216818 0.05369807497467072
0 0.9250253292806484 0.6742654508611955 0.06889564336372847 0.05369807497467072
0 0.8677811550151976 0.8779128672745694 0.05572441742654509 0.05572441742654509
0 0.35309017223910844 0.7092198581560284 0.06990881458966565 0.05876393110435663
0 0.5167173252279635 0.5400202634245187 0.05065856129685917 0.09321175278622088
0 0.41084093211752787 0.3657548125633232 0.07396149949341439 0.044579533941236066
0 0.1529888551165147 0.977710233029382 0.0486322188449848 0.03850050658561297