0 0.5754812563323202 0.5542046605876393 0.060790273556231005 0.0790273556231003
0 0.6894630192502533 0.5207700101317123 0.047619047619047616 0.060790273556231005
0 0.6261398176291794 0.7446808510638298 0.08105369807497467 0.0547112462006079
0 0.2847011144883485 0.9518743667679838 0.060790273556231005 0.06585612968591692
0 0.06484295845997974 0.8647416413373861 0.0547112462006079 0.03343465045592705
0 0.09017223910840932 0.7755825734549139 0.044579533941236066 0.04356636271529889
0 0.16869300911854104 0.6362715298885512 0.06180344478216818 0.0486322188449848
0 0.09422492401215805 0.6879432624113475 0.05065856129685917 0.060790273556231005
0 0.43009118541033436 0.6960486322188449 0.07193515704154002 0.044579533941236066
0 0.8465045592705167 0.8819655521783182 0.047619047619047616 0.03951367781155015
0 0.8520770010131712 0.7912867274569402 0.07497467071935157 0.05065856129685917
0 0.6985815602836879 0.6332320162107397 0.047619047619047616 0.05268490374873354
0 0.6925025329280649 0.8363728470111449 0.06585612968591692 0.06382978723404255
0 0.8880445795339412 0.690982776089159 0.06180344478216818 0.05065856129685917
0 0.5172239108409321 0.9341438703140831 0.07193515704154002 0.06484295845997974
0 0.7578520770010132 0.6160081053698075 0.0547112462006079 0.0486322188449848
0 0.8024316109422492 0.5942249240121581 0.044579533941236066 0.06990881458966565
0 0.47112462006079026 0.5896656534954408 0.06889564336372847 0.06484295845997974
0 0.2507598784194529 0.6094224924012158 0.08611955420466058 0.057750759878419454
0 0.23353596757852077 0.8520770010131712 0.06585612968591692 0.0790273556231003
0 0.3080040526849038 0.5141843971631206 0.0547112462006079 0.057750759878419454
0 0.3546099290780142 0.5187436676798379 0.034447821681864235 0.05268490374873354
0 0.4194528875379939 0.5273556231003039 0.05268490374873354 0.06180344478216818
0 0.475177304964539 0.48530901722391084 0.07700101317122594 0.07700101317122594
0 0.8267477203647416 0.6565349544072948 0.044579533941236066 0.0547112462006079
0 0.8353596757852076 0.7016210739614995 0.05167173252279635 0.06990881458966565
0 0.6955420466058764 0.38652482269503546 0.037487335359675786 0.057750759878419454
0 0.1651469098277609 0.43617021276595747 0.0851063829787234 0.05977710233029382
0 0.0795339412360689 0.40070921985815605 0.06990881458966565 0.06382978723404255
0 0.029381965552178316 0.37487335359675783 0.040526849037487336 0.0486322188449848
0 0.24873353596757852 0.4473150962512665 0.06382978723404255 0.07801418439716312
0 0.31661600810536983 0.4533941236068896 0.07193515704154002 0.05977710233029382
0 0.6312056737588653 0.57193515704154 0.040526849037487336 0.05167173252279635
0 0.745694022289767 0.5005065856129686 0.060790273556231005 0.0486322188449848
0 0.21732522796352582 0.33282674772036475 0.05572441742654509 0.05977710233029382
0 0.32472137791286726 0.38551165146909827 0.06990881458966565 0.03343465045592705
0 0.48530901722391084 0.41236068895643363 0.044579533941236066 0.04660587639311044
0 0.2695035460992908 0.25886524822695034 0.044579533941236066 0.04356636271529889
0 0.28520770010131713 0.20212765957446807 0.05977710233029382 0.03343465045592705
0 0.4381965552178318 0.21783181357649442 0.037487335359675786 0.040526849037487336
0 0.4442755825734549 0.270516717325228 0.07396149949341439 0.04660587639311044
0 0.5911854103343465 0.23961499493414387 0.07396149949341439 0.04356636271529889
0 0.488855116514691 0.2016210739614995 0.03951367781155015 0.0547112462006079
0 0.5800405268490375 0.3475177304964539 0.06180344478216818 0.0486322188449848
0 0.5065856129685917 0.3541033434650456 0.0547112462006079 0.047619047619047616
0 0.36930091185410335 0.31864235055724416 0.047619047619047616 0.047619047619047616
0 0.44224924012158057 0.05825734549138804 0.03546099290780142 0.029381965552178316
0 0.47821681864235055 0.1286727456940223 0.0547112462006079 0.0425531914893617
0 0.5314083080040527 0.17933130699088146 0.04356636271529889 0.05268490374873354
0 0.7745694022289767 0.08105369807497467 0.05167173252279635 0.0425531914893617
0 0.9164133738601824 0.05319148936170213 0.06382978723404255 0.037487335359675786
0 0.7852077001013171 0.12360688956433637 0.040526849037487336 0.05065856129685917
0 0.7284701114488349 0.1281661600810537 0.044579533941236066 0.05977710233029382
0 0.05572441742654509 0.5369807497467072 0.07497467071935157 0.04660587639311044
0 0.12107396149949341 0.2725430597771023 0.06382978723404255 0.034447821681864235
0 0.5157041540020263 0.085612968591692 0.060790273556231005 0.05572441742654509
0 0.8211752786220872 0.135258358662614 0.03546099290780142 0.06990881458966565
0 0.9473150962512664 0.6828774062816616 0.060790273556231005 0.03242147922998987
0 0.6312056737588653 0.03343465045592705 0.05065856129685917 0.0547112462006079
0 0.21175278622087132 0.20263424518743667 0.0486322188449848 0.044579533941236066
0 0.4088145896656535 0.8525835866261399 0.05167173252279635 0.06180344478216818
0 0.6661600810536981 0.9513677811550152 0.06180344478216818 0.05876393110435663
0 0.8611955420466059 0.31762917933130697 0.0547112462006079 0.04356636271529889
0 0.8196555217831814 0.23657548125633232 0.0547112462006079 0.06180344478216818
0 0.6575481256332321 0.2796352583586626 0.044579533941236066 0.05268490374873354
0 0.40070921985815605 0.04711246200607903 0.05572441742654509 0.06382978723404255
0 0.5 0.8343465045592705 0.08611955420466058 0.037487335359675786
0 0.3373860182370821 0.8976697061803445 0.08915906788247213 0.0547112462006079
0 0.7507598784194529 0.3353596757852077 0.0547112462006079 0.07092198581560284
0 0.9341438703140831 0.08865248226950355 0.0486322188449848 0.05167173252279635
0 0.9655521783181358 0.7370820668693009 0.05268490374873354 0.05572441742654509
0 0.5050658561296859 0.684903748733536 0.05977710233029382 0.05268490374873354
0 0.44275582573454914 0.09979736575481256 0.044579533941236066 0.057750759878419454
0 0.4265450861195542 0.12968591691995948 0.044579533941236066 0.03242147922998987
0 0.5815602836879432 0.4351570415400203 0.0364741641337386 0.05167173252279635
0 0.331306990881459 0.7477203647416414 0.05268490374873354 0.060790273556231005
0 0.27102330293819654 0.795339412360689 0.04356636271529889 0.06281661600810537
0 0.36322188449848025 0.8556231003039514 0.03343465045592705 0.04154002026342452
0 0.7644376899696048 0.925531914893617 0.04964539007092199 0.04356636271529889
0 0.19351570415400202 0.4787234042553192 0.0364741641337386 0.057750759878419454
0 0.6990881458966566 0.04964539007092199 0.040526849037487336 0.044579533941236066
0 0.7315096251266464 0.05319148936170213 0.040526849037487336 0.05167173252279635