0 0.35815602836879434 0.5344478216818642 0.057750759878419454 0.04964539007092199
0 0.35106382978723405 0.6352583586626139 0.05369807497467072 0.03850050658561297
0 0.5146909827760892 0.40526849037487334 0.0486322188449848 0.040526849037487336
0 0.5582573454913881 0.48226950354609927 0.034447821681864235 0.028368794326241134
0 0.37943262411347517 0.41084093211752787 0.057750759878419454 0.031408308004052685
0 0.6727456940222898 0.20212765957446807 0.0425531914893617 0.05167173252279635
0 0.3515704154002026 0.1534954407294833 0.044579533941236066 0.05572441742654509
0 0.7998986828774063 0.6585612968591692 0.04964539007092199 0.06889564336372847
0 0.25379939209726443 0.8622087132725431 0.07193515704154002 0.07092198581560284
0 0.35815602836879434 0.5344478216818642 0.057750759878419454 0.04964539007092199
0 0.3956433637284701 0.5116514690982776 0.03343465045592705 0.0486322188449848
0 0.35106382978723405 0.6352583586626139 0.05369807497467072 0.03850050658561297
0 0.39868287740628167 0.7249240121580547 0.05977710233029382 0.04964539007092199
0 0.4939209726443769 0.7396149949341438 0.06585612968591692 0.06281661600810537
0 0.1534954407294833 0.8470111448834853 0.05977710233029382 0.0790273556231003
0 0.2872340425531915 0.7527862208713273 0.03951367781155015 0.0486322188449848
0 0.5146909827760892 0.40526849037487334 0.0486322188449848 0.040526849037487336
0 0.7522796352583586 0.5010131712259371 0.06180344478216818 0.04356636271529889
0 0.6372847011144883 0.5040526849037488 0.05268490374873354 0.06180344478216818
0 0.5582573454913881 0.48226950354609927 0.034447821681864235 0.028368794326241134
0 0.3343465045592705 0.267983789260385 0.060790273556231005 0.04356636271529889
0 0.7755825734549139 0.5587639311043566 0.03951367781155015 0.04559270516717325
0 0.8475177304964538 0.24417426545086118 0.04356636271529889 0.05876393110435663
0 0.3662613981762918 0.4746707193515704 0.04154002026342452 0.03951367781155015
0 0.7674772036474165 0.2988855116514691 0.07193515704154002 0.0425531914893617
0 0.6914893617021277 0.2917933130699088 0.057750759878419454 0.06889564336372847
0 0.7264437689969605 0.07852077001013172 0.0425531914893617 0.05977710233029382
0 0.49442755825734547 0.3505572441742654 0.0547112462006079 0.05876393110435663
0 0.09827760891590678 0.30192502532928067 0.0911854103343465 0.06889564336372847
0 0.05673758865248227 0.41134751773049644 0.0790273556231003 0.06281661600810537
0 0.08257345491388045 0.5562310030395137 0.04559270516717325 0.0486322188449848
0 0.24772036474164133 0.2689969604863222 0.04154002026342452 0.05977710233029382
0 0.4473150962512665 0.1955420466058764 0.04154002026342452 0.0425531914893617
0 0.3606889564336373 0.22188449848024316 0.08105369807497467 0.04660587639311044
0 0.6707193515704154 0.12107396149949341 0.04660587639311044 0.04356636271529889
0 0.4154002026342452 0.32978723404255317 0.0729483282674772 0.06585612968591692
0 0.37943262411347517 0.41084093211752787 0.057750759878419454 0.031408308004052685
0 0.18439716312056736 0.1661600810536981 0.06281661600810537 0.05268490374873354
0 0.4452887537993921 0.0547112462006079 0.04154002026342452 0.04660587639311044
0 0.19706180344478216 0.6322188449848024 0.07193515704154002 0.0547112462006079
0 0.22391084093211752 0.1393110435663627 0.0547112462006079 0.03546099290780142
0 0.6727456940222898 0.20212765957446807 0.0425531914893617 0.05167173252279635
0 0.3515704154002026 0.1534954407294833 0.044579533941236066 0.05572441742654509
0 0.7011144883485309 0.7178318135764944 0.07497467071935157 0.08409321175278622
0 0.43566362715298884 0.8206686930091185 0.06281661600810537 0.07092198581560284
0 0.4270516717325228 0.6362715298885512 0.057750759878419454 0.07700101317122594
0 0.19351570415400202 0.41134751773049644 0.05268490374873354 0.05876393110435663
0 0.7811550151975684 0.08105369807497467 0.05268490374873354 0.06889564336372847
0 0.39209726443769 0.1529888551165147 0.040526849037487336 0.0668693009118541
0 0.1160081053698075 0.2548125633232016 0.08206686930091185 0.05167173252279635
0 0.5547112462006079 0.1585612968591692 0.057750759878419454 0.05977710233029382
0 0.14944275582573455 0.6783181357649443 0.05572441742654509 0.05167173252279635
0 0.4473150962512665 0.4260385005065856 0.04559270516717325 0.04964539007092199
0 0.3404255319148936 0.7401215805471124 0.0364741641337386 0.06180344478216818
0 0.5653495440729484 0.02330293819655522 0.05065856129685917 0.030395136778115502
0 0.23353596757852077 0.7872340425531915 0.06788247213779129 0.05065856129685917
0 0.6534954407294833 0.9067882472137792 0.0729483282674772 0.06484295845997974
0 0.39463019250253295 0.8976697061803445 0.07801418439716312 0.06281661600810537
0 0.690982776089159 0.5648429584599798 0.0547112462006079 0.07801418439716312
0 0.19655521783181357 0.745694022289767 0.0486322188449848 0.06484295845997974
0 0.32877406281661603 0.5764944275582573 0.06788247213779129 0.0425531914893617
0 0.828774062816616 0.375886524822695 0.060790273556231005 0.04660587639311044
0 0.7912867274569402 0.2502532928064843 0.05876393110435663 0.0486322188449848
0 0.6008105369807497 0.4012158054711246 0.0486322188449848 0.040526849037487336
0 0.5116514690982776 0.4533941236068896 0.06484295845997974 0.04559270516717325
0 0.42350557244174264 0.22948328267477203 0.06484295845997974 0.04154002026342452
0 0.6671732522796353 0.047619047619047616 0.05572441742654509 0.0486322188449848
0 0.7639311043566362 0.4204660587639311 0.05673758865248227 0.05673758865248227
0 0.36879432624113473 0.6940222897669707 0.0425531914893617 0.04660587639311044
0 0.31256332320162106 0.6833839918946302 0.05167173252279635 0.04154002026342452
0 0.27710233029381964 0.6509625126646403 0.06180344478216818 0.08409321175278622
0 0.4002026342451874 0.5881458966565349 0.05673758865248227 0.05167173252279635
0 0.2259371833839919 0.3110435663627153 0.0851063829787234 0.05268490374873354
0 0.8120567375886525 0.5238095238095238 0.047619047619047616 0.05876393110435663
0 0.745694022289767 0.7857142857142857 0.0547112462006079 0.07598784194528875
0 0.5592705167173252 0.5354609929078015 0.06484295845997974 0.05977710233029382
0 0.5962512664640324 0.4756838905775076 0.05977710233029382 0.057750759878419454
0 0.6985815602836879 0.4321175278622087 0.057750759878419454 0.08206686930091185
0 0.5212765957446809 0.24924012158054712 0.06788247213779129 0.06889564336372847
0 0.30192502532928067 0.12968591691995948 0.04660587639311044 0.0547112462006079
0 0.2872340425531915 0.2725430597771023 0.04356636271529889 0.06281661600810537