0 0.342451874366768 0.171225937183384 0.060790273556231005 0.06889564336372847
0 0.19351570415400202 0.25379939209726443 0.060790273556231005 0.06382978723404255
0 0.7188449848024316 0.11904761904761904 0.06585612968591692 0.04964539007092199
0 0.22847011144883486 0.43617021276595747 0.07193515704154002 0.04356636271529889
0 0.2745694022289767 0.4493414387031408 0.0547112462006079 0.05369807497467072
0 0.07193515704154002 0.4817629179331307 0.0851063829787234 0.04356636271529889
0 0.8525835866261399 0.621580547112462 0.05977710233029382 0.06180344478216818
0 0.6200607902735562 0.35207700101317124 0.044579533941236066 0.03343465045592705
0 0.47315096251266464 0.583080040526849 0.05268490374873354 0.04964539007092199
0 0.2725430597771023 0.49138804457953394 0.05876393110435663 0.028368794326241134
0 0.6504559270516718 0.6894630192502533 0.030395136778115502 0.06788247213779129
0 0.20212765957446807 0.4918946301925025 0.04356636271529889 0.05572441742654509
0 0.27912867274569403 0.7183383991894631 0.04356636271529889 0.044579533941236066
0 0.3708206686930091 0.7689969604863222 0.0486322188449848 0.0425531914893617
0 0.03292806484295846 0.6656534954407295 0.06585612968591692 0.0729483282674772
0 0.5800405268490375 0.8708206686930091 0.05977710233029382 0.06180344478216818
0 0.4371833839918946 0.9316109422492401 0.06585612968591692 0.037487335359675786
0 0.364741641337386 0.6925025329280649 0.0425531914893617 0.03343465045592705
0 0.950354609929078 0.9265450861195542 0.040526849037487336 0.05572441742654509
0 0.5542046605876393 0.7720364741641338 0.06281661600810537 0.06484295845997974
0 0.4078014184397163 0.7963525835866262 0.05572441742654509 0.06281661600810537
0 0.8971631205673759 0.9194528875379939 0.04559270516717325 0.05167173252279635
0 0.7664640324214792 0.6479229989868288 0.05977710233029382 0.03546099290780142
0 0.5314083080040527 0.25987841945288753 0.06585612968591692 0.08409321175278622
0 0.39361702127659576 0.22441742654508612 0.057750759878419454 0.06990881458966565
0 0.5901722391084093 0.2993920972644377 0.05167173252279635 0.07396149949341439
0 0.4442755825734549 0.4675785207700101 0.06382978723404255 0.06382978723404255
0 0.5207700101317123 0.41793313069908816 0.08915906788247213 0.05572441742654509
0 0.10435663627152988 0.7279635258358662 0.06281661600810537 0.04154002026342452
0 0.09929078014184398 0.6702127659574468 0.07092198581560284 0.04154002026342452
0 0.693515704154002 0.5309017223910841 0.057750759878419454 0.07092198581560284
0 0.20820668693009117 0.7036474164133738 0.06990881458966565 0.05167173252279635
0 0.08915906788247213 0.7892603850050659 0.05876393110435663 0.07092198581560284
0 0.1469098277608916 0.7872340425531915 0.05876393110435663 0.06889564336372847
0 0.20921985815602837 0.9326241134751773 0.06180344478216818 0.05572441742654509
0 0.33485309017223913 0.7274569402228976 0.05167173252279635 0.05268490374873354
0 0.31965552178318135 0.6251266464032421 0.047619047619047616 0.05268490374873354
0 0.8480243161094225 0.9083080040526849 0.040526849037487336 0.05167173252279635
0 0.8039513677811551 0.5714285714285714 0.05977710233029382 0.044579533941236066
0 0.7467071935157041 0.5005065856129686 0.044579533941236066 0.04660587639311044
0 0.9057750759878419 0.30749746707193515 0.0547112462006079 0.07193515704154002
0 0.7593718338399189 0.10536980749746708 0.07396149949341439 0.040526849037487336
0 0.05977710233029382 0.13272543059777103 0.0547112462006079 0.044579533941236066
0 0.0364741641337386 0.06889564336372847 0.03850050658561297 0.0486322188449848
0 0.30141843971631205 0.38551165146909827 0.05167173252279635 0.06382978723404255
0 0.2857142857142857 0.16312056737588654 0.0547112462006079 0.060790273556231005
0 0.22644376899696048 0.22644376899696048 0.06382978723404255 0.057750759878419454
0 0.14944275582573455 0.30243161094224924 0.06788247213779129 0.04356636271529889
0 0.04913880445795339 0.5876393110435664 0.04964539007092199 0.044579533941236066
0 0.14285714285714285 0.5602836879432624 0.044579533941236066 0.060790273556231005
0 0.3495440729483283 0.599290780141844 0.03850050658561297 0.05167173252279635
0 0.11499493414387031 0.8708206686930091 0.05977710233029382 0.04964539007092199
0 0.7882472137791287 0.196048632218845 0.060790273556231005 0.05167173252279635
0 0.839918946301925 0.0845997973657548 0.0547112462006079 0.05977710233029382
0 0.09574468085106383 0.364741641337386 0.047619047619047616 0.0364741641337386