0 0.03242147922998987 0.25430597771023306 0.05876393110435663 0.06281661600810537
0 0.07548125633232017 0.5374873353596757 0.06180344478216818 0.057750759878419454
0 0.3576494427558257 0.06433637284701114 0.06281661600810537 0.05572441742654509
0 0.04964539007092199 0.36220871327254306 0.0790273556231003 0.07598784194528875
0 0.13221884498480244 0.14792299898682879 0.06180344478216818 0.0851063829787234
0 0.30952380952380953 0.09270516717325228 0.057750759878419454 0.06382978723404255
0 0.4194528875379939 0.11296859169199595 0.07092198581560284 0.057750759878419454
0 0.08966565349544073 0.4523809523809524 0.057750759878419454 0.05572441742654509
0 0.22289766970618036 0.475177304964539 0.07497467071935157 0.060790273556231005
0 0.12310030395136778 0.6089159067882473 0.04559270516717325 0.06889564336372847
0 0.1702127659574468 0.6585612968591692 0.0729483282674772 0.0486322188449848
0 0.09523809523809523 0.27152988855116517 0.05268490374873354 0.0729483282674772
0 0.24822695035460993 0.11499493414387031 0.06484295845997974 0.05572441742654509
0 0.11550151975683891 0.08308004052684904 0.0425531914893617 0.0486322188449848
0 0.21732522796352582 0.08257345491388045 0.05572441742654509 0.03951367781155015
0 0.9224924012158054 0.11398176291793313 0.05977710233029382 0.06585612968591692