0 0.39969604863221886 0.49645390070921985 0.06585612968591692 0.03850050658561297
0 0.7548125633232016 0.9189463019250254 0.03242147922998987 0.05268490374873354
0 0.15096251266464034 0.43465045592705165 0.06484295845997974 0.0547112462006079
0 0.2619047619047619 0.39868287740628167 0.04964539007092199 0.029381965552178316
0 0.9432624113475178 0.8069908814589666 0.03850050658561297 0.037487335359675786
0 0.646403242147923 0.6382978723404256 0.08105369807497467 0.0911854103343465
0 0.3951367781155015 0.549645390070922 0.0790273556231003 0.07598784194528875
0 0.05876393110435663 0.6073961499493414 0.06281661600810537 0.07801418439716312
0 0.9270516717325228 0.43465045592705165 0.06889564336372847 0.0729483282674772
0 0.49848024316109424 0.2315096251266464 0.08915906788247213 0.05977710233029382
0 0.3059777102330294 0.9371833839918946 0.07497467071935157 0.07497467071935157
0 0.9604863221884499 0.5233029381965553 0.06484295845997974 0.09219858156028368
0 0.8434650455927052 0.46808510638297873 0.10030395136778116 0.0911854103343465
0 0.9412360688956434 0.8571428571428571 0.0729483282674772 0.07497467071935157
0 0.19756838905775076 0.5055724417426545 0.08713272543059777 0.0911854103343465
0 0.1889564336372847 0.06484295845997974 0.08409321175278622 0.05268490374873354
0 0.549645390070922 0.7006079027355623 0.07193515704154002 0.04964539007092199
0 0.061296859169199594 0.8130699088145896 0.07598784194528875 0.06585612968591692
0 0.11702127659574468 0.8687943262411347 0.07193515704154002 0.06585612968591692
0 0.8206686930091185 0.7857142857142857 0.03850050658561297 0.04964539007092199
0 0.5070921985815603 0.42451874366767983 0.06788247213779129 0.05268490374873354