0 0.11246200607902736 0.15602836879432624 0.08915906788247213 0.0486322188449848
0 0.022289766970618033 0.13728470111448834 0.03242147922998987 0.05977710233029382
0 0.1033434650455927 0.20314083080040526 0.05673758865248227 0.05369807497467072
0 0.1894630192502533 0.0800405268490375 0.06889564336372847 0.0425531914893617
0 0.5911854103343465 0.17831813576494426 0.07598784194528875 0.0486322188449848
0 0.3698074974670719 0.03343465045592705 0.0851063829787234 0.060790273556231005
0 0.034447821681864235 0.35511651469098277 0.06889564336372847 0.07801418439716312
0 0.22847011144883486 0.2669706180344478 0.06382978723404255 0.05572441742654509
0 0.5425531914893617 0.47112462006079026 0.06382978723404255 0.0668693009118541
0 0.20618034447821681 0.6251266464032421 0.057750759878419454 0.06281661600810537
0 0.22137791286727457 0.5314083080040527 0.07193515704154002 0.05977710233029382
0 0.4939209726443769 0.1646403242147923 0.07801418439716312 0.04559270516717325
0 0.49341438703140833 0.20516717325227962 0.08915906788247213 0.057750759878419454
0 0.585612968591692 0.11398176291793313 0.0790273556231003 0.06585612968591692
0 0.6281661600810537 0.47416413373860183 0.06484295845997974 0.08713272543059777
0 0.1590678824721378 0.037993920972644375 0.06889564336372847 0.04356636271529889
0 0.5151975683890577 0.08966565349544073 0.07598784194528875 0.07598784194528875
0 0.33687943262411346 0.4260385005065856 0.08409321175278622 0.08206686930091185