0 0.3662613981762918 0.42857142857142855 0.06585612968591692 0.0547112462006079
0 0.693515704154002 0.43110435663627156 0.05977710233029382 0.047619047619047616
0 0.25987841945288753 0.7426545086119554 0.06990881458966565 0.044579533941236066
0 0.8931104356636271 0.2375886524822695 0.04964539007092199 0.04154002026342452
0 0.3252279635258359 0.7269503546099291 0.0486322188449848 0.03546099290780142
0 0.22847011144883486 0.48125633232016213 0.05572441742654509 0.040526849037487336
0 0.24113475177304963 0.5597771023302939 0.0486322188449848 0.05167173252279635
0 0.39868287740628167 0.5131712259371833 0.05572441742654509 0.05977710233029382
0 0.8069908814589666 0.5623100303951368 0.05572441742654509 0.0668693009118541
0 0.4219858156028369 0.4017223910840932 0.03546099290780142 0.04154002026342452
0 0.5567375886524822 0.3252279635258359 0.05572441742654509 0.0425531914893617
0 0.5238095238095238 0.2907801418439716 0.06281661600810537 0.040526849037487336
0 0.6033434650455927 0.14285714285714285 0.06585612968591692 0.06484295845997974
0 0.3667679837892604 0.42401215805471126 0.06484295845997974 0.06180344478216818
0 0.022289766970618033 0.38855116514690985 0.0425531914893617 0.08814589665653495
0 0.693515704154002 0.43110435663627156 0.05977710233029382 0.047619047619047616
0 0.5440729483282675 0.46656534954407297 0.06889564336372847 0.05572441742654509
0 0.5942249240121581 0.4037487335359676 0.04356636271529889 0.04154002026342452
0 0.25987841945288753 0.7426545086119554 0.06990881458966565 0.044579533941236066
0 0.78419452887538 0.32776089159067884 0.05876393110435663 0.06180344478216818
0 0.8931104356636271 0.2375886524822695 0.04964539007092199 0.04154002026342452
0 0.7112462006079028 0.11499493414387031 0.09523809523809523 0.06585612968591692
0 0.4807497467071935 0.07244174265450862 0.04559270516717325 0.05977710233029382
0 0.3252279635258359 0.7269503546099291 0.0486322188449848 0.03546099290780142
0 0.22847011144883486 0.48125633232016213 0.05572441742654509 0.040526849037487336
0 0.2801418439716312 0.36828774062816616 0.05572441742654509 0.06180344478216818
0 0.24113475177304963 0.5597771023302939 0.0486322188449848 0.05167173252279635
0 0.39868287740628167 0.5131712259371833 0.05572441742654509 0.05977710233029382
0 0.8069908814589666 0.5623100303951368 0.05572441742654509 0.0668693009118541
0 0.027862208713272545 0.10739614994934144 0.04154002026342452 0.06281661600810537
0 0.20212765957446807 0.7375886524822695 0.04356636271529889 0.0486322188449848
0 0.5567375886524822 0.3252279635258359 0.05572441742654509 0.0425531914893617
0 0.5238095238095238 0.2907801418439716 0.06281661600810537 0.040526849037487336
0 0.23860182370820668 0.8632218844984803 0.05167173252279635 0.0547112462006079
0 0.6033434650455927 0.14285714285714285 0.06585612968591692 0.06484295845997974
0 0.1413373860182371 0.7173252279635258 0.06585612968591692 0.06889564336372847
0 0.14792299898682879 0.8596757852077 0.06484295845997974 0.057750759878419454
0 0.0795339412360689 0.3414387031408308 0.05572441742654509 0.0790273556231003
0 0.19655521783181357 0.6595744680851063 0.0729483282674772 0.06281661600810537
0 0.7725430597771024 0.7178318135764944 0.06180344478216818 0.08206686930091185
0 0.44782168186423504 0.7183383991894631 0.07700101317122594 0.06281661600810537
0 0.3282674772036474 0.6545086119554204 0.08713272543059777 0.060790273556231005
0 0.8389057750759878 0.6266464032421479 0.0972644376899696 0.06180344478216818
0 0.8632218844984803 0.389564336372847 0.0790273556231003 0.05572441742654509
0 0.8292806484295846 0.10182370820668693 0.08409321175278622 0.06585612968591692
0 0.8004052684903749 0.04002026342451875 0.0668693009118541 0.05572441742654509
0 0.3541033434650456 0.1691995947315096 0.07598784194528875 0.06484295845997974
0 0.09929078014184398 0.11144883485309018 0.05268490374873354 0.05876393110435663
0 0.4214792299898683 0.19250253292806485 0.05673758865248227 0.06889564336372847
0 0.5344478216818642 0.39159067882472137 0.06788247213779129 0.03951367781155015
0 0.4432624113475177 0.11094224924012158 0.05977710233029382 0.06788247213779129
0 0.5942249240121581 0.2315096251266464 0.05167173252279635 0.037487335359675786
0 0.5577507598784195 0.1717325227963526 0.07193515704154002 0.04964539007092199
0 0.16869300911854104 0.11904761904761904 0.06585612968591692 0.04964539007092199
0 0.1403242147922999 0.34295845997973656 0.05167173252279635 0.07193515704154002
0 0.6175278622087133 0.35612968591691996 0.047619047619047616 0.05977710233029382
0 0.05116514690982776 0.2872340425531915 0.05167173252279635 0.04964539007092199
0 0.5075987841945289 0.11550151975683891 0.04660587639311044 0.05673758865248227
0 0.6332320162107397 0.7198581560283688 0.0972644376899696 0.08206686930091185
0 0.660081053698075 0.5582573454913881 0.06585612968591692 0.05876393110435663
0 0.6565349544072948 0.6028368794326241 0.0790273556231003 0.06889564336372847
0 0.0673758865248227 0.9625126646403243 0.06788247213779129 0.06281661600810537
0 0.2137791286727457 0.33789260385005065 0.09523809523809523 0.09422492401215805
0 0.5070921985815603 0.5754812563323202 0.09422492401215805 0.06484295845997974
0 0.8358662613981763 0.9351570415400202 0.05268490374873354 0.06484295845997974
0 0.7720364741641338 0.9427558257345492 0.08105369807497467 0.08206686930091185
0 0.9037487335359676 0.13677811550151975 0.0486322188449848 0.0729483282674772
0 0.6408308004052685 0.09321175278622088 0.057750759878419454 0.07092198581560284
0 0.7654508611955421 0.48530901722391084 0.07193515704154002 0.07497467071935157