0 0.3394123606889564 0.2730496453900709 0.06889564336372847 0.047619047619047616
0 0.7492401215805471 0.743161094224924 0.08206686930091185 0.06788247213779129
0 0.8687943262411347 0.662613981762918 0.07598784194528875 0.0911854103343465
0 0.660081053698075 0.9584599797365755 0.10435663627152988 0.07700101317122594
0 0.4746707193515704 0.3161094224924012 0.037487335359675786 0.05268490374873354
0 0.4351570415400203 0.41641337386018235 0.06788247213779129 0.07092198581560284
0 0.38703140830800403 0.11702127659574468 0.0851063829787234 0.07396149949341439
0 0.4159067882472138 0.3110435663627153 0.05167173252279635 0.06889564336372847
0 0.5516717325227963 0.29736575481256333 0.057750759878419454 0.06585612968591692
0 0.4533941236068896 0.6084093211752786 0.10435663627152988 0.0800405268490375
0 0.47011144883485306 0.6621073961499493 0.09321175278622088 0.05977710233029382
0 0.5871327254305978 0.6028368794326241 0.05977710233029382 0.08308004052684904
0 0.044072948328267476 0.7684903748733536 0.05369807497467072 0.06382978723404255