0 0.27912867274569403 0.07497467071935157 0.07396149949341439 0.06281661600810537
0 0.6008105369807497 0.8019250253292807 0.10131712259371833 0.07396149949341439
0 0.7730496453900709 0.47011144883485306 0.10131712259371833 0.0668693009118541
0 0.6793313069908815 0.7325227963525835 0.07598784194528875 0.10536980749746708
0 0.4756838905775076 0.10233029381965553 0.08814589665653495 0.12360688956433637
0 0.13069908814589665 0.39361702127659576 0.08713272543059777 0.03951367781155015
0 0.5759878419452887 0.49442755825734547 0.09625126646403243 0.07700101317122594
0 0.9224924012158054 0.182370820668693 0.07193515704154002 0.06889564336372847
0 0.5835866261398176 0.19300911854103345 0.0851063829787234 0.06585612968591692
0 0.19807497467071936 0.32370820668693007 0.05977710233029382 0.05572441742654509
0 0.07801418439716312 0.2867274569402229 0.06889564336372847 0.04660587639311044
0 0.5293819655521783 0.8019250253292807 0.05167173252279635 0.04356636271529889
0 0.5572441742654508 0.7634245187436677 0.07700101317122594 0.05977710233029382
0 0.7700101317122594 0.6914893617021277 0.10131712259371833 0.06382978723404255
0 0.9564336372847011 0.6960486322188449 0.07092198581560284 0.0851063829787234
0 0.5395136778115501 0.22188449848024316 0.07193515704154002 0.060790273556231005
0 0.1342451874366768 0.6332320162107397 0.08206686930091185 0.06281661600810537
0 0.24569402228976697 0.6398176291793313 0.047619047619047616 0.06585612968591692
0 0.47619047619047616 0.8844984802431611 0.060790273556231005 0.0486322188449848