0 0.11955420466058764 0.8728470111448835 0.060790273556231005 0.07598784194528875
0 0.4093211752786221 0.601823708206687 0.09321175278622088 0.0668693009118541
0 0.5263424518743668 0.5638297872340425 0.08611955420466058 0.06788247213779129
0 0.952887537993921 0.4554204660587639 0.08814589665653495 0.06788247213779129
0 0.8880445795339412 0.8804457953394124 0.09422492401215805 0.05876393110435663
0 0.8652482269503546 0.14944275582573455 0.0790273556231003 0.04964539007092199
0 0.7325227963525835 0.7380952380952381 0.09321175278622088 0.07396149949341439
0 0.8394123606889564 0.8166160081053698 0.06382978723404255 0.0851063829787234
0 0.9290780141843972 0.7674772036474165 0.07700101317122594 0.07396149949341439
0 0.9549138804457954 0.36119554204660587 0.07396149949341439 0.07193515704154002
0 0.07801418439716312 0.7011144883485309 0.05876393110435663 0.05268490374873354
0 0.4635258358662614 0.49746707193515705 0.07801418439716312 0.05673758865248227
0 0.4523809523809524 0.7066869300911854 0.06788247213779129 0.047619047619047616