0 0.15784499054820417 0.5448960302457467 0.06427221172022685 0.04064272211720227
0 0.6578449905482041 0.9102079395085066 0.062381852551984876 0.05860113421550094
0 0.7424385633270322 0.9026465028355387 0.0671077504725898 0.04725897920604915
0 0.29017013232514177 0.7953686200378072 0.054820415879017016 0.048204158790170135
0 0.3487712665406427 0.8081285444234405 0.03969754253308128 0.05671077504725898
0 0.07466918714555766 0.584593572778828 0.05103969754253308 0.06521739130434782
0 0.14697542533081284 0.4905482041587902 0.05198487712665406 0.043478260869565216
0 0.860586011342155 0.7948960302457467 0.05387523629489603 0.030245746691871456
0 0.2707939508506616 0.5737240075614367 0.055765595463137994 0.07372400756143667
0 0.7996219281663516 0.8161625708884688 0.05860113421550094 0.038752362948960305
0 0.20841209829867674 0.5831758034026465 0.0500945179584121 0.06049149338374291
0 0.3672022684310019 0.08081285444234404 0.08034026465028356 0.0444234404536862
0 0.8629489603024575 0.9395085066162571 0.0831758034026465 0.043478260869565216
0 0.16209829867674858 0.9305293005671077 0.05198487712665406 0.05198487712665406
0 0.4763705103969754 0.7036862003780718 0.062381852551984876 0.06143667296786389
0 0.7689035916824196 0.968336483931947 0.06899810964083176 0.0330812854442344
0 0.28544423440453687 0.8459357277882797 0.062381852551984876 0.04914933837429111
0 0.9243856332703214 0.7585066162570888 0.06994328922495274 0.05387523629489603
0 0.6214555765595463 0.9603024574669187 0.06143667296786389 0.043478260869565216
0 0.06001890359168242 0.5151228733459358 0.05387523629489603 0.09073724007561437
0 0.5434782608695652 0.945179584120983 0.07372400756143667 0.04158790170132325
0 0.8137996219281664 0.7707939508506616 0.07183364839319471 0.038752362948960305
0 0.14697542533081284 0.4220226843100189 0.08034026465028356 0.06332703213610585
0 0.16398865784499056 0.21833648393194707 0.057655954631379965 0.07372400756143667
0 0.3501890359168242 0.6228733459357277 0.038752362948960305 0.03780718336483932
0 0.6460302457466919 0.8407372400756143 0.05387523629489603 0.046313799621928164
0 0.6800567107750473 0.77882797731569 0.10113421550094517 0.04725897920604915