0 0.2008506616257089 0.7325141776937618 0.05198487712665406 0.054820415879017016
0 0.0893194706994329 0.6120037807183365 0.06899810964083176 0.0500945179584121
0 0.17391304347826086 0.34120982986767484 0.054820415879017016 0.052930056710775046
0 0.15737240075614367 0.16351606805293006 0.06899810964083176 0.06049149338374291
0 0.054820415879017016 0.3757088846880907 0.05860113421550094 0.06143667296786389
0 0.20793950850661624 0.21833648393194707 0.04914933837429111 0.06427221172022685
0 0.22637051039697542 0.31427221172022685 0.07466918714555766 0.07466918714555766
0 0.4276937618147448 0.17485822306238186 0.05198487712665406 0.09073724007561437
0 0.14555765595463138 0.6096408317580341 0.04725897920604915 0.07183364839319471
0 0.9276937618147448 0.7655954631379962 0.08601134215500945 0.04914933837429111
0 0.7660680529300568 0.7476370510396976 0.09168241965973535 0.03969754253308128
0 0.2679584120982987 0.8421550094517959 0.04253308128544423 0.05860113421550094
0 0.030718336483931945 0.5784499054820416 0.05198487712665406 0.05671077504725898
0 0.47495274102079393 0.9229678638941399 0.07466918714555766 0.0444234404536862
0 0.05387523629489603 0.24716446124763705 0.04725897920604915 0.07844990548204159
0 0.07466918714555766 0.08270321361058601 0.04914933837429111 0.08223062381852551