0 0.10207939508506617 0.6337429111531191 0.052930056710775046 0.07466918714555766
0 0.5264650283553876 0.3516068052930057 0.06994328922495274 0.06994328922495274
0 0.14650283553875237 0.7377126654064272 0.06994328922495274 0.07466918714555766
0 0.2599243856332703 0.4603024574669187 0.04158790170132325 0.04725897920604915
0 0.3534971644612476 0.6091682419659735 0.04158790170132325 0.06899810964083176
0 0.2840264650283554 0.5160680529300568 0.038752362948960305 0.06427221172022685
0 0.9158790170132325 0.14792060491493383 0.07561436672967864 0.046313799621928164
0 0.8010396975425331 0.05623818525519849 0.08034026465028356 0.055765595463137994
0 0.3856332703213611 0.05245746691871456 0.06994328922495274 0.07844990548204159
0 0.32372400756143666 0.554820415879017 0.031190926275992438 0.0945179584120983
0 0.3435727788279773 0.40406427221172025 0.05387523629489603 0.055765595463137994
0 0.7164461247637051 0.08601134215500945 0.07183364839319471 0.05671077504725898
0 0.2679584120982987 0.5931001890359168 0.05954631379962193 0.05954631379962193
0 0.09073724007561437 0.31049149338374293 0.04914933837429111 0.055765595463137994
0 0.18620037807183365 0.030245746691871456 0.07372400756143667 0.04725897920604915
0 0.831758034026465 0.12145557655954631 0.054820415879017016 0.04064272211720227
0 0.6545368620037807 0.23015122873345936 0.07466918714555766 0.038752362948960305
0 0.2438563327032136 0.38657844990548207 0.07939508506616257 0.0661625708884688
0 0.45085066162570886 0.10349716446124764 0.07939508506616257 0.055765595463137994
0 0.4059546313799622 0.4617202268431002 0.05387523629489603 0.08034026465028356
0 0.2821361058601134 0.8024574669187146 0.0671077504725898 0.11342155009451796
0 0.2495274102079395 0.7013232514177694 0.03780718336483932 0.06427221172022685
0 0.22542533081285443 0.6512287334593573 0.0330812854442344 0.04725897920604915
0 0.019376181474480152 0.5604914933837429 0.038752362948960305 0.06805293005671077
0 0.22448015122873347 0.4924385633270321 0.057655954631379965 0.06049149338374291
0 0.1446124763705104 0.3667296786389414 0.04158790170132325 0.05671077504725898
0 0.362476370510397 0.15075614366729678 0.07655954631379962 0.03497164461247637
0 0.4792060491493384 0.1720226843100189 0.05103969754253308 0.05860113421550094
0 0.9097353497164461 0.19612476370510398 0.0671077504725898 0.0671077504725898
0 0.13043478260869565 0.29347826086956524 0.04725897920604915 0.0671077504725898
0 0.3544423440453686 0.29867674858223064 0.0661625708884688 0.04158790170132325
0 0.43714555765595464 0.9626654064272212 0.06899810964083176 0.05387523629489603
0 0.15689981096408318 0.43856332703213613 0.052930056710775046 0.09073724007561437
0 0.7244801512287334 0.22164461247637052 0.0671077504725898 0.0500945179584121