0 0.27977315689981097 0.6261814744801513 0.09073724007561437 0.14083175803402648
0 0.2632325141776938 0.7533081285444234 0.0671077504725898 0.0888468809073724
0 0.8312854442344045 0.6058601134215501 0.06143667296786389 0.06049149338374291
0 0.09026465028355388 0.2561436672967864 0.09735349716446125 0.06049149338374291
0 0.43620037807183365 0.5486767485822306 0.08601134215500945 0.08412098298676748
0 0.41540642722117205 0.45226843100189035 0.08034026465028356 0.06899810964083176
0 0.6186200378071833 0.25 0.055765595463137994 0.07277882797731569
0 0.2055765595463138 0.4068998109640832 0.04064272211720227 0.057655954631379965
0 0.3714555765595463 0.08695652173913043 0.05671077504725898 0.06049149338374291
0 0.4111531190926276 0.03780718336483932 0.06427221172022685 0.07183364839319471
0 0.3379017013232514 0.6176748582230623 0.07277882797731569 0.10113421550094517
0 0.26417769376181477 0.31758034026465026 0.09924385633270322 0.11342155009451796
0 0.7514177693761814 0.5737240075614367 0.09640831758034027 0.043478260869565216
0 0.138468809073724 0.11956521739130435 0.07466918714555766 0.06899810964083176
0 0.12051039697542533 0.5070888468809074 0.09357277882797732 0.057655954631379965
0 0.42863894139886577 0.6143667296786389 0.07655954631379962 0.0661625708884688