0 0.42722117202268434 0.4220226843100189 0.07372400756143667 0.06332703213610585
0 0.2273156899810964 0.46266540642722115 0.057655954631379965 0.05198487712665406
0 0.44187145557655955 0.3482986767485822 0.08412098298676748 0.07655954631379962
0 0.14886578449905483 0.3501890359168242 0.0671077504725898 0.08034026465028356
0 0.3983931947069943 0.1053875236294896 0.05387523629489603 0.07466918714555766
0 0.3610586011342155 0.06001890359168242 0.054820415879017016 0.10491493383742911
0 0.23771266540642721 0.1323251417769376 0.06332703213610585 0.09073724007561437
0 0.7627599243856332 0.6616257088846881 0.06427221172022685 0.04914933837429111
0 0.5085066162570888 0.43289224952741023 0.05671077504725898 0.06049149338374291
0 0.530718336483932 0.3568052930056711 0.06899810964083176 0.0671077504725898
0 0.4985822306238185 0.2741020793950851 0.06143667296786389 0.0661625708884688
0 0.31994328922495274 0.387523629489603 0.057655954631379965 0.05103969754253308
0 0.43998109640831756 0.14508506616257089 0.02930056710775047 0.07844990548204159
0 0.46880907372400754 0.11578449905482041 0.03213610586011342 0.07844990548204159
0 0.18100189035916825 0.046313799621928164 0.057655954631379965 0.06049149338374291
0 0.5571833648393195 0.582703213610586 0.048204158790170135 0.057655954631379965
0 0.6710775047258979 0.5189035916824196 0.054820415879017016 0.07372400756143667
0 0.22022684310018903 0.29158790170132326 0.0661625708884688 0.07277882797731569
0 0.35775047258979203 0.46266540642722115 0.05387523629489603 0.06899810964083176
0 0.43667296786389415 0.6190926275992439 0.04725897920604915 0.06427221172022685
0 0.5685255198487713 0.3936672967863894 0.036862003780718335 0.05387523629489603
0 0.9191871455576559 0.5973534971644613 0.06143667296786389 0.04725897920604915
0 0.9598298676748582 0.6398865784499055 0.048204158790170135 0.052930056710775046
0 0.8374291115311909 0.9187145557655955 0.052930056710775046 0.06049149338374291
0 0.6507561436672968 0.6275992438563327 0.0500945179584121 0.045368620037807186
0 0.44896030245746693 0.7216446124763705 0.07183364839319471 0.048204158790170135
0 0.31474480151228734 0.5406427221172023 0.07183364839319471 0.07939508506616257
0 0.7844990548204159 0.41871455576559546 0.04725897920604915 0.03780718336483932
0 0.7017958412098299 0.4503780718336484 0.057655954631379965 0.036862003780718335
0 0.5453686200378072 0.27504725897920607 0.045368620037807186 0.06049149338374291
0 0.3379017013232514 0.17060491493383742 0.06143667296786389 0.04253308128544423
0 0.2329867674858223 0.5174858223062382 0.04253308128544423 0.05387523629489603
0 0.5448960302457467 0.8761814744801513 0.08034026465028356 0.0661625708884688
0 0.11200378071833648 0.06285444234404537 0.05387523629489603 0.0671077504725898
0 0.045368620037807186 0.2618147448015123 0.04725897920604915 0.07372400756143667
0 0.15311909262759923 0.13657844990548204 0.07750472589792061 0.06143667296786389
0 0.6129489603024575 0.4910207939508507 0.07088846880907372 0.04253308128544423
0 0.5637996219281664 0.6739130434782609 0.055765595463137994 0.04725897920604915
0 0.26937618147448017 0.18620037807183365 0.045368620037807186 0.04725897920604915
0 0.0893194706994329 0.2622873345935728 0.036862003780718335 0.05387523629489603
0 0.026937618147448016 0.5335538752362949 0.0444234404536862 0.0500945179584121