0 0.7622739018087855 0.8378552971576227 0.082687338501292 0.0917312661498708
0 0.4218346253229974 0.7448320413436692 0.1434108527131783 0.08397932816537468
0 0.7099483204134367 0.9354005167958657 0.09689922480620156 0.05426356589147287
0 0.2131782945736434 0.5613695090439277 0.09302325581395349 0.07881136950904392
0 0.708656330749354 0.5684754521963824 0.07622739018087855 0.06459948320413436
0 0.34108527131782945 0.6737726098191215 0.1111111111111111 0.05813953488372093
0 0.32235142118863047 0.6091731266149871 0.09431524547803617 0.050387596899224806
0 0.8036175710594315 0.7887596899224806 0.07751937984496124 0.06330749354005168
0 0.7965116279069767 0.5878552971576227 0.08914728682170543 0.056847545219638244
0 0.2900516795865633 0.9063307493540051 0.08139534883720931 0.06847545219638243
0 0.37467700258397935 0.27648578811369506 0.07751937984496124 0.05167958656330749