0 0.2926356589147287 0.35594315245478036 0.05297157622739018 0.060723514211886306
0 0.6453488372093024 0.5103359173126615 0.08139534883720931 0.10335917312661498
0 0.3643410852713178 0.3404392764857881 0.08010335917312661 0.08139534883720931
0 0.7054263565891473 0.49935400516795864 0.046511627906976744 0.07364341085271318
0 0.38436692506459946 0.6737726098191215 0.05813953488372093 0.05555555555555555
0 0.5852713178294574 0.436046511627907 0.082687338501292 0.0710594315245478
0 0.7906976744186046 0.36175710594315247 0.04909560723514212 0.07235142118863049
0 0.7564599483204134 0.30103359173126615 0.05813953488372093 0.04909560723514212
0 0.7732558139534884 0.5322997416020672 0.05813953488372093 0.046511627906976744
0 0.849483204134367 0.5749354005167958 0.050387596899224806 0.046511627906976744
0 0.43087855297157623 0.5497416020671835 0.050387596899224806 0.05297157622739018
0 0.6227390180878553 0.7906976744186046 0.06459948320413436 0.056847545219638244
0 0.5135658914728682 0.9140826873385013 0.050387596899224806 0.060723514211886306
0 0.32945736434108525 0.6136950904392765 0.07235142118863049 0.06459948320413436
0 0.6421188630490956 0.877906976744186 0.06459948320413436 0.04263565891472868
0 0.21188630490956073 0.8113695090439277 0.07751937984496124 0.04909560723514212
0 0.7693798449612403 0.7170542635658915 0.06330749354005168 0.046511627906976744