0 0.07939508506616257 0.11342155009451796 0.07750472589792061 0.0888468809073724
0 0.1668241965973535 0.3331758034026465 0.0671077504725898 0.05387523629489603
0 0.11294896030245746 0.29773156899810965 0.05954631379962193 0.043478260869565216
0 0.16304347826086957 0.09215500945179585 0.06521739130434782 0.06143667296786389
0 0.07844990548204159 0.04158790170132325 0.05860113421550094 0.05671077504725898
0 0.21172022684310018 0.03213610586011342 0.06994328922495274 0.05860113421550094
0 0.41398865784499056 0.34215500945179583 0.0888468809073724 0.05103969754253308
0 0.5014177693761814 0.3497164461247637 0.07277882797731569 0.04914933837429111
0 0.6327977315689981 0.41351606805293006 0.10869565217391304 0.04253308128544423
0 0.717391304347826 0.46313799621928164 0.07372400756143667 0.07372400756143667
0 0.8686200378071833 0.527882797731569 0.0831758034026465 0.08412098298676748
0 0.8913043478260869 0.46313799621928164 0.062381852551984876 0.05671077504725898
0 0.29064272211720227 0.7301512287334594 0.07277882797731569 0.07277882797731569
0 0.19848771266540643 0.7608695652173914 0.06805293005671077 0.035916824196597356
0 0.46455576559546313 0.28497164461247637 0.06521739130434782 0.06143667296786389
0 0.22542533081285443 0.2774102079395085 0.04064272211720227 0.04253308128544423
0 0.3846880907372401 0.43147448015122875 0.05671077504725898 0.06143667296786389
0 0.43950850661625707 0.4725897920604915 0.05860113421550094 0.04725897920604915
0 0.43525519848771266 0.17344045368620037 0.048204158790170135 0.05954631379962193
0 0.3270321361058601 0.03213610586011342 0.03780718336483932 0.04914933837429111
0 0.36342155009451793 0.2391304347826087 0.038752362948960305 0.07939508506616257
0 0.3856332703213611 0.08979206049149338 0.04725897920604915 0.09640831758034027
0 0.43100189035916825 0.7514177693761814 0.045368620037807186 0.06049149338374291
0 0.17580340264650285 0.5534026465028355 0.05860113421550094 0.05198487712665406
0 0.6507561436672968 0.8974480151228733 0.08412098298676748 0.0671077504725898
0 0.8166351606805293 0.5496219281663516 0.05671077504725898 0.05387523629489603
0 0.06001890359168242 0.4678638941398866 0.055765595463137994 0.062381852551984876
0 0.4862948960302457 0.43667296786389415 0.055765595463137994 0.062381852551984876
0 0.804820415879017 0.8525519848771267 0.08034026465028356 0.05860113421550094
0 0.8856332703213611 0.8279773156899811 0.07372400756143667 0.04158790170132325