0 0.5258397932816538 0.6524547803617571 0.12919896640826872 0.07751937984496124
0 0.165374677002584 0.1640826873385013 0.1111111111111111 0.082687338501292
0 0.12726098191214472 0.6582687338501292 0.1227390180878553 0.08656330749354005
0 0.2467700258397933 0.6214470284237726 0.08527131782945736 0.06459948320413436
0 0.1582687338501292 0.44638242894056845 0.08139534883720931 0.05555555555555555
0 0.7868217054263565 0.6763565891472868 0.06459948320413436 0.05297157622739018
0 0.8029715762273901 0.7642118863049095 0.06330749354005168 0.06589147286821706
0 0.9160206718346253 0.7784237726098191 0.06459948320413436 0.05555555555555555
0 0.9366925064599483 0.9651162790697675 0.07493540051679587 0.05167958656330749
0 0.39664082687338503 0.5665374677002584 0.056847545219638244 0.05555555555555555
0 0.08850129198966408 0.7558139534883721 0.07364341085271318 0.056847545219638244
0 0.8798449612403101 0.9231266149870802 0.07751937984496124 0.06330749354005168
0 0.6098191214470284 0.45671834625323 0.06459948320413436 0.060723514211886306
0 0.07816537467700259 0.5801033591731266 0.05297157622739018 0.06718346253229975
0 0.03617571059431524 0.5193798449612403 0.06718346253229975 0.06976744186046512
0 0.056847545219638244 0.2596899224806202 0.059431524547803614 0.06976744186046512
0 0.4819121447028424 0.3184754521963824 0.08785529715762273 0.06330749354005168